[Spectrum]
Version            = 1
IDData             = 6F19_2022-09-13_11-00-05_151_046
IDDevice           = SAM_8175
IDDataType         = SPECTRUM
IDDataTypeSub1     = CALIBRATED
IDDataTypeSub2     = 
IDDataTypeSub3     = 
DateTime           = 2022-09-13 11:00:05
PositionLatitude   = 0
PositionLongitude  = 0
Comment            = 
CommentSub1        = 
CommentSub2        = 
CommentSub3        = 
IDMethodType       = SAM Control
MethodName         = SAM_8175
Mission            = No Mission
MissionSub         = 1
RecordType         = 0
[Attributes]
CalFactor = 1
IDBasisSpec = 
IDDataBack = 2004-03-29_14-59-06_000_254
IDDataCal = 2004-03-31_10-00-39_207_185
IntegrationTime = 64
P31 = -1
P31e = 0
PathLength = +INF
PathLengthCustomOn = 0
RAWDynamic = 65535
Salinity = 0
Temperature = -NAN
Unit1 = $01 $01 Wavelength nm
Unit2 = $03 $06 Intensity mW/(m^2 nm)
Unit3 = $f0 $06 Error mW/(m^2 nm)
Unit4 = $f1 $00 Status 
p999 = 580
[END] of [Attributes]
[DATA]
 0 5 0 0
 305.14988776048 14.5992692310195 0 0
 308.45931630612 16.9759790681932 0 0
 311.76939137984 19.7429369772662 0 0
 315.080105545 26.173989827819 0 0
 318.39145136496 34.3885669246331 0 0
 321.70342140308 43.2559697555592 0 0
 325.01600822272 55.3032647179919 0 0
 328.32920438724 66.1491330306418 0 0
 331.64300246 72.4715584395569 0 0
 334.95739500436 76.3083281889267 0 0
 338.27237458368 81.0414538136308 0 0
 341.58793376132 84.6263689420789 0 0
 344.90406510064 88.2242280456422 0 0
 348.220761165 92.2004852131586 0 0
 351.53801451776 96.8263324921466 0 0
 354.85581772228 98.2466943606293 0 0
 358.17416334192 98.7418454249585 0 0
 361.49304394004 104.74165039712 0 0
 364.81245208 115.434796178755 0 0
 368.13238032516 121.781797677375 0 0
 371.45282123888 120.874577968716 0 0
 374.77376738452 120.62423959892 0 0
 378.09521132544 120.75002011958 0 0
 381.417145625 115.706394302972 0 0
 384.73956284656 112.267708955997 0 0
 388.06245555348 116.38153397665 0 0
 391.38581630912 119.860515712103 0 0
 394.70963767684 126.640555146348 0 0
 398.03391222 149.365166608953 0 0
 401.35863250196 175.544575460934 0 0
 404.68379108608 187.902822226709 0 0
 408.00938053572 192.170019415843 0 0
 411.33539341424 197.304756875156 0 0
 414.661822285 201.252798406263 0 0
 417.98865971136 201.490121576521 0 0
 421.31589825668 199.577899930877 0 0
 424.64353048432 194.456170196417 0 0
 427.97154895764 187.010039002845 0 0
 431.29994624 187.674708972106 0 0
 434.62871489476 197.206943598095 0 0
 437.95784748528 207.089139781613 0 0
 441.28733657492 215.640534185907 0 0
 444.61717472704 224.88212412581 0 0
 447.947354505 232.652837494131 0 0
 451.27786847216 237.26600077096 0 0
 454.60870919188 238.939862007687 0 0
 457.93986922752 239.831398591717 0 0
 461.27134114244 239.99208376439 0 0
 464.6031175 237.841997936464 0 0
 467.93519086356 234.908327212139 0 0
 471.26755379648 234.07589438886 0 0
 474.60019886212 234.649815776681 0 0
 477.93311862384 235.264084270285 0 0
 481.266305645 232.193775730348 0 0
 484.59975248896 225.896052783277 0 0
 487.93345171908 221.963601781832 0 0
 491.26739589872 223.079450305189 0 0
 494.60157759124 224.024538888102 0 0
 497.93598936 221.821134903358 0 0
 501.27062376836 218.94123754367 0 0
 504.60547337968 218.612976697564 0 0
 507.94053075732 219.058598600357 0 0
 511.27578846464 216.65647768158 0 0
 514.611239065 211.214277504317 0 0
 517.94687512176 208.096502407945 0 0
 521.28268919828 208.972513583235 0 0
 524.61867385792 210.921028912664 0 0
 527.95482166404 212.349059646084 0 0
 531.29112518 213.362514971816 0 0
 534.62757696916 212.976986016624 0 0
 537.96416959488 211.515419250607 0 0
 541.30089562052 210.077722071054 0 0
 544.63774760944 209.769842107436 0 0
 547.974718125 209.818047632532 0 0
 551.31179973056 209.165678410338 0 0
 554.64898498948 207.332034585429 0 0
 557.98626646512 204.884756787919 0 0
 561.32363672084 202.762472401202 0 0
 564.66108832 200.63004922369 0 0
 567.99861382596 198.4797559981 0 0
 571.33620580208 196.749982036495 0 0
 574.67385681172 195.840100070975 0 0
 578.01155941824 195.832081375126 0 0
 581.349306185 195.968785513771 0 0
 584.68708967536 193.927005294362 0 0
 588.02490245268 190.695658566588 0 0
 591.36273708032 188.499915965507 0 0
 594.70058612164 187.686884665104 0 0
 598.03844214 187.872509266268 0 0
 601.37629769876 188.512807802476 0 0
 604.71414536128 188.836597024085 0 0
 608.05197769092 188.361483666441 0 0
 611.38978725104 187.153551655189 0 0
 614.727566605 185.537395981042 0 0
 618.06530831616 184.188654080655 0 0
 621.40300494788 182.61054605176 0 0
 624.74064906352 180.158338583585 0 0
 628.07823322644 177.57182256108 0 0
 631.41575 176.465410665242 0 0
 634.75319194756 177.355728102323 0 0
 638.09055163248 178.069437441471 0 0
 641.42782161812 176.973332745618 0 0
 644.76499446784 173.976239465846 0 0
 648.102062745 170.682139833664 0 0
 651.43901901296 167.93476493259 0 0
 654.77585583508 166.583605668847 0 0
 658.11256577472 167.824249683696 0 0
 661.44914139524 170.419893679401 0 0
 664.78557526 171.769667359785 0 0
 668.12185993236 171.943306930064 0 0
 671.45798797568 171.247931074634 0 0
 674.79395195332 169.85990120956 0 0
 678.12974442864 167.323136344872 0 0
 681.465357965 162.031420649691 0 0
 684.80078512576 154.458655578379 0 0
 688.13601847428 148.724208392552 0 0
 691.47105057392 147.635836572999 0 0
 694.80587398804 149.087222711995 0 0
 698.14048128 150.676112709912 0 0
 701.47486501316 151.997779699927 0 0
 704.80901775088 153.076522033485 0 0
 708.14293205652 152.437064595755 0 0
 711.47660049344 147.595694096427 0 0
 714.810015625 138.515994749133 0 0
 718.14317001456 129.368754353414 0 0
 721.47605622548 123.928978535492 0 0
 724.80866682112 122.564164697487 0 0
 728.14099436484 124.946049660032 0 0
 731.47303142 130.362164000449 0 0
 734.80477054996 136.581104714042 0 0
 738.13620431808 141.591718706597 0 0
 741.46732528772 145.024684716433 0 0
 744.79812602224 146.753917434991 0 0
 748.128599085 146.392877552645 0 0
 751.45873703936 141.787588122515 0 0
 754.78853244868 128.830517690149 0 0
 758.11797787632 109.097811475165 0 0
 761.44706588564 96.3581226247101 0 0
 764.77578904 100.893609051442 0 0
 768.10413990276 115.322112330062 0 0
 771.43211103728 127.748371809453 0 0
 774.75969500692 134.565879920594 0 0
 778.08688437504 137.314212229344 0 0
 781.413671705 137.643799109613 0 0
 784.74004956016 136.230035386332 0 0
 788.06601050388 133.92494136329 0 0
 791.39154709952 131.681108898041 0 0
 794.71665191044 129.846348457387 0 0
 798.0413175 128.317936085697 0 0
 801.36553643156 126.752401209334 0 0
 804.68930126848 124.163854828201 0 0
 808.01260457412 119.367261537797 0 0
 811.33543891184 111.528017749923 0 0
 814.657796845 103.521137752117 0 0
 817.97967093696 99.0115999302068 0 0
 821.30105375108 98.1614525280799 0 0
 824.62193785072 99.6208204176565 0 0
 827.94231579924 101.989590907532 0 0
 831.26218016 105.080219406323 0 0
 834.58152349636 109.199948808159 0 0
 837.90033837168 112.933295136651 0 0
 841.21861734932 115.467083564097 0 0
 844.53635299264 116.272501383447 0 0
 847.853537865 115.573661608954 0 0
 851.17016452976 113.960090589803 0 0
 854.48622555028 113.162854285785 0 0
 857.80171348992 113.534468912782 0 0
 861.11662091204 113.003913714702 0 0
 864.43094038 111.618342917867 0 0
 867.74466445716 110.380346606842 0 0
 871.05778570688 109.872340548948 0 0
 874.37029669252 109.51357476575 0 0
 877.68218997744 108.587395673229 0 0
 880.993458125 107.463613256483 0 0
 884.30409369856 105.980458062937 0 0
 887.61408926148 103.469629977223 0 0
 890.92343737712 97.9845263577366 0 0
 894.23213060884 89.4284145969784 0 0
 897.54016152 81.5458020265112 0 0
 900.84752267396 77.4082584030296 0 0
 904.15420663408 75.2562030537599 0 0
 907.46020596372 72.5029145557135 0 0
 910.76551322624 69.6853383868866 0 0
 914.070120985 69.3913386155586 0 0
 917.37402180336 70.7654699010736 0 0
 920.67720824468 71.2458532181431 0 0
 923.97967287232 67.6511757768187 0 0
 927.28140824964 57.4997997308652 0 0
 930.58240694 44.0241934559561 0 0
 933.88266150676 33.4887334500724 0 0
 937.18216451328 29.3936145864109 0 0
 940.48090852292 28.8320397904139 0 0
 943.77888609904 28.6820681852976 0 0
 947.076089805 29.6075808971032 0 0
 950.37251220416 30.6616341738769 0 0
 953.66814585988 32.897660196582 0 0
 956.96298333552 36.4272622426541 0 0
 960.25701719444 40.6417338925372 0 0
 963.55024 46.6276991271452 0 0
 966.84264431556 54.0915286386125 0 0
 970.13422270448 60.4986833936325 0 0
 973.42496773012 62.6723330358062 0 0
 976.71487195584 64.6858718362127 0 0
 980.003927945 69.463900693296 0 0
 983.29212826096 74.6497173517367 0 0
 986.57946546708 79.5016912422312 0 0
 989.86593212672 80.7893224747094 0 0
 993.15152080324 82.3897335935485 0 0
 996.43622406 83.6873983970296 0 0
 999.72003446036 82.0487609208785 0 0
 1003.00294456768 81.1329214159288 0 0
 1006.28494694532 79.1406467472934 0 0
 1009.56603415664 81.1574675420477 0 0
 1012.846198765 83.0600615099336 0 0
 1016.12543333376 80.0566883066528 0 0
 1019.40373042628 77.5541965359763 0 0
 1022.68108260592 75.0354276273956 0 0
 1025.95748243604 72.9157400343232 0 0
 1029.23292248 79.6059956156145 0 0
 1032.50739530116 78.185835997154 0 0
 1035.78089346288 93.7870914115358 0 0
 1039.05340952852 0 0 0
 1042.32493606144 0 0 0
 1045.595465625 0 0 0
 1048.86499078256 0 0 0
 1052.13350409748 0 0 0
 1055.40099813312 0 0 0
 1058.66746545284 0 0 0
 1061.93289862 0 0 0
 1065.19729019796 0 0 0
 1068.46063275008 0 0 0
 1071.72291883972 0 0 0
 1074.98414103024 0 0 0
 1078.244291885 0 0 0
 1081.50336396736 0 0 0
 1084.76134984068 0 0 0
 1088.01824206832 0 0 0
 1091.27403321364 0 0 0
 1094.52871584 0 0 0
 1097.78228251076 0 0 0
 1101.03472578928 0 0 0
 1104.28603823892 0 0 0
 1107.53621242304 0 0 0
 1110.785240905 0 0 0
 1114.03311624816 0 0 0
 1117.27983101588 0 0 0
 1120.52537777152 0 0 0
 1123.76974907844 0 0 0
 1127.0129375 0 0 0
 1130.25493559956 0 0 0
 1133.49573594048 0 0 0
 1136.73533108612 0 0 0
 1139.97371359984 0 0 0
 1143.210876045 0 0 0
 1146.44681098496 0 0 0
[END] of [DATA]
[END] of [Spectrum]

