[Spectrum]
Version            = 1
IDData             = 6F19_2022-09-13_11-00-33_581_058
IDDevice           = SAM_8175
IDDataType         = SPECTRUM
IDDataTypeSub1     = CALIBRATED
IDDataTypeSub2     = 
IDDataTypeSub3     = 
DateTime           = 2022-09-13 11:00:33
PositionLatitude   = 0
PositionLongitude  = 0
Comment            = 
CommentSub1        = 
CommentSub2        = 
CommentSub3        = 
IDMethodType       = SAM Control
MethodName         = SAM_8175
Mission            = No Mission
MissionSub         = 1
RecordType         = 0
[Attributes]
CalFactor = 1
IDBasisSpec = 
IDDataBack = 2004-03-29_14-59-06_000_254
IDDataCal = 2004-03-31_10-00-39_207_185
IntegrationTime = 64
P31 = -1
P31e = 0
PathLength = +INF
PathLengthCustomOn = 0
RAWDynamic = 65535
Salinity = 0
Temperature = -NAN
Unit1 = $01 $01 Wavelength nm
Unit2 = $03 $06 Intensity mW/(m^2 nm)
Unit3 = $f0 $06 Error mW/(m^2 nm)
Unit4 = $f1 $00 Status 
p999 = 581
[END] of [Attributes]
[DATA]
 0 5 0 0
 305.14988776048 14.4017605329064 0 0
 308.45931630612 17.2547390191267 0 0
 311.76939137984 19.9554621748848 0 0
 315.080105545 26.5767313431972 0 0
 318.39145136496 34.732246814527 0 0
 321.70342140308 43.6416485205521 0 0
 325.01600822272 55.9494215578895 0 0
 328.32920438724 66.7811026831633 0 0
 331.64300246 73.231505184335 0 0
 334.95739500436 77.272486273923 0 0
 338.27237458368 81.7990788234415 0 0
 341.58793376132 85.5456521074363 0 0
 344.90406510064 89.2787982468427 0 0
 348.220761165 93.3256642707873 0 0
 351.53801451776 98.0863226585503 0 0
 354.85581772228 99.5861483586202 0 0
 358.17416334192 100.10830650373 0 0
 361.49304394004 106.272542106275 0 0
 364.81245208 117.217157899432 0 0
 368.13238032516 123.622348103401 0 0
 371.45282123888 122.79353728056 0 0
 374.77376738452 122.634377696532 0 0
 378.09521132544 122.776710348546 0 0
 381.417145625 117.686771863014 0 0
 384.73956284656 114.256666608058 0 0
 388.06245555348 118.505223899705 0 0
 391.38581630912 122.140162378283 0 0
 394.70963767684 129.081185744754 0 0
 398.03391222 152.339580276824 0 0
 401.35863250196 179.054640070662 0 0
 404.68379108608 191.729688554295 0 0
 408.00938053572 196.143547492174 0 0
 411.33539341424 201.516970032557 0 0
 414.661822285 205.49540088571 0 0
 417.98865971136 205.892244124452 0 0
 421.31589825668 204.020653044311 0 0
 424.64353048432 198.856864430364 0 0
 427.97154895764 191.29882722397 0 0
 431.29994624 191.959111319456 0 0
 434.62871489476 201.839611643485 0 0
 437.95784748528 212.052650344339 0 0
 441.28733657492 220.913386496252 0 0
 444.61717472704 230.459235400906 0 0
 447.947354505 238.445188892599 0 0
 451.27786847216 243.310295300991 0 0
 454.60870919188 245.115220382661 0 0
 457.93986922752 245.939270488888 0 0
 461.27134114244 246.255980763423 0 0
 464.6031175 244.209429960173 0 0
 467.93519086356 241.275233875298 0 0
 471.26755379648 240.480267456337 0 0
 474.60019886212 241.14846736866 0 0
 477.93311862384 241.824545064519 0 0
 481.266305645 238.619152366364 0 0
 484.59975248896 232.355590007266 0 0
 487.93345171908 228.293754440678 0 0
 491.26739589872 229.497848049262 0 0
 494.60157759124 230.492048973503 0 0
 497.93598936 228.331635108011 0 0
 501.27062376836 225.471200872399 0 0
 504.60547337968 225.122088158155 0 0
 507.94053075732 225.607289139125 0 0
 511.27578846464 223.23386794506 0 0
 514.611239065 217.670645814615 0 0
 517.94687512176 214.451170438665 0 0
 521.28268919828 215.490401699246 0 0
 524.61867385792 217.46731717373 0 0
 527.95482166404 218.958498907879 0 0
 531.29112518 220.049887593247 0 0
 534.62757696916 219.709455796101 0 0
 537.96416959488 218.199275796484 0 0
 541.30089562052 216.751168177429 0 0
 544.63774760944 216.496656893143 0 0
 547.974718125 216.562887641569 0 0
 551.31179973056 215.965728265499 0 0
 554.64898498948 214.125130511109 0 0
 557.98626646512 211.621825810345 0 0
 561.32363672084 209.407159163233 0 0
 564.66108832 207.34671128697 0 0
 567.99861382596 205.124059020354 0 0
 571.33620580208 203.324353382697 0 0
 574.67385681172 202.408954079429 0 0
 578.01155941824 202.46034201351 0 0
 581.349306185 202.649612770447 0 0
 584.68708967536 200.477939886695 0 0
 588.02490245268 197.261014023756 0 0
 591.36273708032 194.978311619209 0 0
 594.70058612164 194.232986662636 0 0
 598.03844214 194.313617739624 0 0
 601.37629769876 195.081784134023 0 0
 604.71414536128 195.471066121057 0 0
 608.05197769092 194.982137433108 0 0
 611.38978725104 193.672691908985 0 0
 614.727566605 192.023568081829 0 0
 618.06530831616 190.725656002029 0 0
 621.40300494788 189.057343902463 0 0
 624.74064906352 186.500066112657 0 0
 628.07823322644 183.852898211266 0 0
 631.41575 182.803663479216 0 0
 634.75319194756 183.649311170535 0 0
 638.09055163248 184.512980784204 0 0
 641.42782161812 183.362516452055 0 0
 644.76499446784 180.253988259637 0 0
 648.102062745 176.91573662499 0 0
 651.43901901296 174.096386275799 0 0
 654.77585583508 172.65920202037 0 0
 658.11256577472 173.864509303111 0 0
 661.44914139524 176.605091963734 0 0
 664.78557526 178.057269270245 0 0
 668.12185993236 178.223331760204 0 0
 671.45798797568 177.559007979539 0 0
 674.79395195332 176.120940957958 0 0
 678.12974442864 173.427491254309 0 0
 681.465357965 168.000255809102 0 0
 684.80078512576 160.194280801676 0 0
 688.13601847428 154.2837354975 0 0
 691.47105057392 153.139565780015 0 0
 694.80587398804 154.723992804713 0 0
 698.14048128 156.377761257958 0 0
 701.47486501316 157.81845943691 0 0
 704.80901775088 158.81933690749 0 0
 708.14293205652 158.14413477106 0 0
 711.47660049344 153.169725919569 0 0
 714.810015625 143.784173844721 0 0
 718.14317001456 134.261320916088 0 0
 721.47605622548 128.670342903519 0 0
 724.80866682112 127.259578176856 0 0
 728.14099436484 129.673915105176 0 0
 731.47303142 135.407067475616 0 0
 734.80477054996 141.818571755013 0 0
 738.13620431808 146.97264172852 0 0
 741.46732528772 150.467138644788 0 0
 744.79812602224 152.319634330588 0 0
 748.128599085 151.866140619031 0 0
 751.45873703936 147.184545744709 0 0
 754.78853244868 133.704136541069 0 0
 758.11797787632 113.317796978986 0 0
 761.44706588564 100.069917094776 0 0
 764.77578904 104.788528233712 0 0
 768.10413990276 119.696218685529 0 0
 771.43211103728 132.551959977606 0 0
 774.75969500692 139.616061550043 0 0
 778.08688437504 142.586650655399 0 0
 781.413671705 142.82318513798 0 0
 784.74004956016 141.486841020581 0 0
 788.06601050388 139.073586033262 0 0
 791.39154709952 136.682863266265 0 0
 794.71665191044 134.823989167912 0 0
 798.0413175 133.175398374044 0 0
 801.36553643156 131.655386524382 0 0
 804.68930126848 129.040951585873 0 0
 808.01260457412 124.037705402442 0 0
 811.33543891184 115.931587613606 0 0
 814.657796845 107.610709552023 0 0
 817.97967093696 102.851401034955 0 0
 821.30105375108 102.188492852957 0 0
 824.62193785072 103.520029291464 0 0
 827.94231579924 105.893767054591 0 0
 831.26218016 109.336758060249 0 0
 834.58152349636 113.456008999836 0 0
 837.90033837168 117.240699332791 0 0
 841.21861734932 119.955299828076 0 0
 844.53635299264 120.79625429092 0 0
 847.853537865 119.890034617801 0 0
 851.17016452976 118.466788973584 0 0
 854.48622555028 117.610606825862 0 0
 857.80171348992 117.712246505067 0 0
 861.11662091204 117.142802764844 0 0
 864.43094038 115.82168522881 0 0
 867.74466445716 114.802063148974 0 0
 871.05778570688 114.23628088121 0 0
 874.37029669252 113.731099333566 0 0
 877.68218997744 112.710133106839 0 0
 880.993458125 111.848541957647 0 0
 884.30409369856 110.334673613707 0 0
 887.61408926148 107.426181119801 0 0
 890.92343737712 101.621713649038 0 0
 894.23213060884 92.9762263560416 0 0
 897.54016152 84.8743123677285 0 0
 900.84752267396 80.2881215439456 0 0
 904.15420663408 78.3766835622947 0 0
 907.46020596372 75.3871378515636 0 0
 910.76551322624 72.7727460596808 0 0
 914.070120985 72.1632434202313 0 0
 917.37402180336 73.4446689184431 0 0
 920.67720824468 74.4888480468105 0 0
 923.97967287232 70.6394583239844 0 0
 927.28140824964 59.8154592740223 0 0
 930.58240694 46.0272841826345 0 0
 933.88266150676 34.6669173341533 0 0
 937.18216451328 30.4385378066683 0 0
 940.48090852292 29.92848474474 0 0
 943.77888609904 30.1870617950604 0 0
 947.076089805 30.3856335056674 0 0
 950.37251220416 32.2548398106326 0 0
 953.66814585988 34.5688732554547 0 0
 956.96298333552 37.9318460491351 0 0
 960.25701719444 41.9524542157905 0 0
 963.55024 48.7625062267502 0 0
 966.84264431556 56.2446577484817 0 0
 970.13422270448 62.461275174538 0 0
 973.42496773012 65.3248405578074 0 0
 976.71487195584 67.5401189800795 0 0
 980.003927945 72.0343230276903 0 0
 983.29212826096 77.7520136954619 0 0
 986.57946546708 80.8662495297492 0 0
 989.86593212672 84.6203316254875 0 0
 993.15152080324 85.9101509312127 0 0
 996.43622406 86.31290066004 0 0
 999.72003446036 84.8133683413616 0 0
 1003.00294456768 83.7531635042634 0 0
 1006.28494694532 82.2688708139564 0 0
 1009.56603415664 86.2548224933524 0 0
 1012.846198765 85.5229454879439 0 0
 1016.12543333376 87.9972903390113 0 0
 1019.40373042628 78.0441634078374 0 0
 1022.68108260592 83.9658534752366 0 0
 1025.95748243604 84.9536361862051 0 0
 1029.23292248 73.9878800166967 0 0
 1032.50739530116 90.5152834014589 0 0
 1035.78089346288 71.644252219429 0 0
 1039.05340952852 0 0 0
 1042.32493606144 0 0 0
 1045.595465625 0 0 0
 1048.86499078256 0 0 0
 1052.13350409748 0 0 0
 1055.40099813312 0 0 0
 1058.66746545284 0 0 0
 1061.93289862 0 0 0
 1065.19729019796 0 0 0
 1068.46063275008 0 0 0
 1071.72291883972 0 0 0
 1074.98414103024 0 0 0
 1078.244291885 0 0 0
 1081.50336396736 0 0 0
 1084.76134984068 0 0 0
 1088.01824206832 0 0 0
 1091.27403321364 0 0 0
 1094.52871584 0 0 0
 1097.78228251076 0 0 0
 1101.03472578928 0 0 0
 1104.28603823892 0 0 0
 1107.53621242304 0 0 0
 1110.785240905 0 0 0
 1114.03311624816 0 0 0
 1117.27983101588 0 0 0
 1120.52537777152 0 0 0
 1123.76974907844 0 0 0
 1127.0129375 0 0 0
 1130.25493559956 0 0 0
 1133.49573594048 0 0 0
 1136.73533108612 0 0 0
 1139.97371359984 0 0 0
 1143.210876045 0 0 0
 1146.44681098496 0 0 0
[END] of [DATA]
[END] of [Spectrum]

