[Spectrum]
Version            = 1
IDData             = 6F19_2022-09-13_11-00-03_755_049
IDDevice           = SAM_8078
IDDataType         = SPECTRUM
IDDataTypeSub1     = CALIBRATED
IDDataTypeSub2     = 
IDDataTypeSub3     = 
DateTime           = 2022-09-13 11:00:03
PositionLatitude   = 0
PositionLongitude  = 0
Comment            = 
CommentSub1        = 
CommentSub2        = 
CommentSub3        = 
IDMethodType       = SAM Control
MethodName         = SAM_8078
Mission            = No Mission
MissionSub         = 1
RecordType         = 0
[Attributes]
CalFactor = 1
IDBasisSpec = 
IDDataBack = 4376_2005-06-03_08-51-10_580_728
IDDataCal = 4376_2005-06-03_08-59-08_037_775
IntegrationTime = 4096
P31 = -1
P31e = 0
PathLength = +INF
PathLengthCustomOn = 0
RAWDynamic = 65535
Salinity = 0
Temperature = -NAN
Unit1 = $01 $01 Wavelength nm
Unit2 = $03 $06 Intensity mW/(m^2 nm)
Unit3 = $f0 $06 Error mW/(m^2 nm)
Unit4 = $f1 $00 Status 
p999 = 583
[END] of [Attributes]
[DATA]
 0 11 0 0
 308.712820524931 -NAN 0 0
 311.996363561261 -NAN 0 0
 315.280411366537 -NAN 0 0
 318.564953380537 0.0348935709182631 0 0
 321.849979043037 0.032591329969044 0 0
 325.135477793817 0.0351885952020463 0 0
 328.421439072653 0.0428245432847796 0 0
 331.707852319322 0.0490862001296096 0 0
 334.994706973602 0.0506652674612255 0 0
 338.281992475271 0.0592447266531928 0 0
 341.569698264106 0.0678807457954107 0 0
 344.857813779884 0.0762846480168417 0 0
 348.146328462383 0.0882876275408895 0 0
 351.43523175138 0.102860678435713 0 0
 354.724513086654 0.114924057390739 0 0
 358.014161907981 0.128524773636812 0 0
 361.304167655138 0.150927904915373 0 0
 364.594519767904 0.181139874481041 0 0
 367.885207686056 0.213159112211923 0 0
 371.176220849371 0.228587756930395 0 0
 374.467548697627 0.249814981946601 0 0
 377.7591806706 0.271699693638123 0 0
 381.05110620807 0.280975389193461 0 0
 384.343314749813 0.292086896936903 0 0
 387.635795735606 0.32774362736697 0 0
 390.928538605227 0.358053098084714 0 0
 394.221532798454 0.399492829910106 0 0
 397.514767755064 0.496323299798988 0 0
 400.808232914834 0.609149079328096 0 0
 404.101917717542 0.68594313760178 0 0
 407.395811602966 0.733512765047064 0 0
 410.689904010883 0.785841895276533 0 0
 413.98418438107 0.839866978249352 0 0
 417.278642153305 0.881464650003007 0 0
 420.573266767365 0.911819802851301 0 0
 423.868047663028 0.931252088058704 0 0
 427.162974280071 0.93411549048921 0 0
 430.458036058272 0.964974996056883 0 0
 433.753222437408 1.04601420260224 0 0
 437.048522857257 1.1392191467306 0 0
 440.343926757596 1.2319659293123 0 0
 443.639423578202 1.33267859157384 0 0
 446.935002758854 1.43325727488957 0 0
 450.230653739329 1.51734626755449 0 0
 453.526365959403 1.58334302515153 0 0
 456.822128858855 1.63746315386438 0 0
 460.117931877461 1.68830630874563 0 0
 463.413764455001 1.72448089803136 0 0
 466.70961603125 1.7519551547865 0 0
 470.005476045987 1.78752942468714 0 0
 473.301333938988 1.83978872482498 0 0
 476.597179150032 1.89713256432278 0 0
 479.893001118896 1.93501665152678 0 0
 483.188789285357 1.93401641420683 0 0
 486.484533089192 1.93306202589595 0 0
 489.78022197018 1.96663466214082 0 0
 493.075845368098 2.01819361403159 0 0
 496.371392722723 2.04027687429319 0 0
 499.666853473832 2.03609317439612 0 0
 502.962217061204 2.04385153855145 0 0
 506.257472924615 2.05928937186834 0 0
 509.552610503843 2.05432451239631 0 0
 512.847619238666 2.00972130318703 0 0
 516.14248856886 1.96636011231931 0 0
 519.437207934205 1.97137088902696 0 0
 522.731766774476 2.00480689231186 0 0
 526.026154529452 2.03271958359043 0 0
 529.320360638909 2.05204184990772 0 0
 532.614374542626 2.0617484251783 0 0
 535.90818568038 2.05128316004168 0 0
 539.201783491948 2.03423560881229 0 0
 542.495157417108 2.0213057318107 0 0
 545.788296895637 2.0163257058775 0 0
 549.081191367312 2.01108695193361 0 0
 552.373830271912 2.00731085532863 0 0
 555.666203049214 1.9968394597954 0 0
 558.958299138995 1.98377281532017 0 0
 562.250107981032 1.97080127907306 0 0
 565.541619015104 1.95012073478459 0 0
 568.832821680987 1.91673769924489 0 0
 572.123705418459 1.87529063707791 0 0
 575.414259667298 1.82661856687847 0 0
 578.70447386728 1.77018179008388 0 0
 581.994337458184 1.69668417859984 0 0
 585.283839879787 1.59331705168672 0 0
 588.572970571867 1.46574052899168 0 0
 591.8617189742 1.348841828821 0 0
 595.150074526565 1.24959711128539 0 0
 598.438026668738 1.1538686265251 0 0
 601.725564840498 1.07461452784632 0 0
 605.012678481621 1.01882669987874 0 0
 608.299357031886 0.983520802498696 0 0
 611.585589931069 0.956007916059309 0 0
 614.871366618949 0.937943443400131 0 0
 618.156676535302 0.921165623006153 0 0
 621.441509119906 0.902020666750499 0 0
 624.725853812539 0.88147260370548 0 0
 628.009700052978 0.859986357046628 0 0
 631.293037281 0.847257654362996 0 0
 634.575854936383 0.842740259531685 0 0
 637.858142458905 0.837047263089255 0 0
 641.139889288343 0.825195454790432 0 0
 644.421084864474 0.80446978960651 0 0
 647.701718627077 0.779594222856294 0 0
 650.981780015927 0.752459993649654 0 0
 654.261258470803 0.722446972333677 0 0
 657.540143431483 0.700926605520891 0 0
 660.818424337743 0.69241976752605 0 0
 664.096090629362 0.689241194048069 0 0
 667.373131746116 0.689555890087581 0 0
 670.649537127784 0.691810175267912 0 0
 673.925296214142 0.694566897521492 0 0
 677.200398444969 0.693990832203936 0 0
 680.47483326004 0.678456218059291 0 0
 683.748590099136 0.637126520049553 0 0
 687.021658402031 0.584373834682047 0 0
 690.294027608505 0.540360985363914 0 0
 693.565687158334 0.511858718198399 0 0
 696.836626491296 0.480195434469334 0 0
 700.106835047168 0.444057186124131 0 0
 703.376302265729 0.406733121790581 0 0
 706.645017586755 0.366477620721082 0 0
 709.912970450024 0.320233108725682 0 0
 713.180150295313 0.263167005712262 0 0
 716.446546562399 0.203839200649998 0 0
 719.712148691061 0.152596470749671 0 0
 722.976946121076 0.115646427720786 0 0
 726.240928292221 0.0858278742560282 0 0
 729.504084644274 0.0597539931677527 0 0
 732.766404617012 0.0432320520886693 0 0
 736.027877650212 0.0340515225576107 0 0
 739.288493183653 0.0264645407865004 0 0
 742.548240657111 0.0218677631169765 0 0
 745.807109510364 0.0192595463956282 0 0
 749.06508918319 0.019818055488987 0 0
 752.322169115366 0.0175172134703762 0 0
 755.578338746669 0.0155070080287913 0 0
 758.833587516878 0.0148657474064766 0 0
 762.087904865768 0.011605991090833 0 0
 765.341280233118 0.0134005349168626 0 0
 768.593703058706 0.0132180122899651 0 0
 771.845162782309 0.0149530949631775 0 0
 775.095648843704 0.0162930770224356 0 0
 778.345150682669 0.0141824616514028 0 0
 781.59365773898 0.0165257514360453 0 0
 784.841159452417 0.0184183441875851 0 0
 788.087645262756 0.0185136682665249 0 0
 791.333104609774 0.021799523308394 0 0
 794.57752693325 0.0234944301528713 0 0
 797.82090167296 0.0247872802633713 0 0
 801.063218268682 0.0286611121673288 0 0
 804.304466160194 0.0272934888659894 0 0
 807.544634787273 0.0288967153748279 0 0
 810.783713589696 0.0277243089068687 0 0
 814.021692007242 0.0242117108516192 0 0
 817.258559479686 0.0198426796332709 0 0
 820.494305446808 0.0186200678730709 0 0
 823.728919348384 0.015373831640927 0 0
 826.962390624192 0.0124251448316708 0 0
 830.194708714009 0.00978175680618496 0 0
 833.425863057613 0.0108822173362791 0 0
 836.655843094781 0.010095305442497 0 0
 839.884638265291 0.00865968648393116 0 0
 843.11223800892 0.00299159221757706 0 0
 846.338631765446 0.00212010646367655 0 0
 849.563808974646 0.00160756016445518 0 0
 852.787759076298 0.00277404700726594 0 0
 856.010471510179 0.00201709912363456 0 0
 859.231935716066 0.00492889721908591 0 0
 862.452141133737 0.00513961034788105 0 0
 865.67107720297 0.00907780172758548 0 0
 868.888733363542 0.00879788761536683 0 0
 872.10509905523 0.00901788393821831 0 0
 875.320163717812 0.00384341525324042 0 0
 878.533916791066 0.00152927549314999 0 0
 881.746347714769 -0.000389441423247704 0 0
 884.957445928697 0.00631299284229762 0 0
 888.16720087263 0.0021084337152987 0 0
 891.375601986344 0.00552799569373161 0 0
 894.582638709617 0.00709839871520707 0 0
 897.788300482226 0.0140636941839985 0 0
 900.992576743948 0.0132943963542142 0 0
 904.195456934562 0.0201327588193452 0 0
 907.396930493844 0.0172505843281197 0 0
 910.596986861573 0.0165295748932091 0 0
 913.795615477525 0.0183146763093791 0 0
 916.992805781479 0.021890367372011 0 0
 920.18854721321 0.0228900110097908 0 0
 923.382829212498 0.0302818909392877 0 0
 926.575641219119 0.0444180416710024 0 0
 929.766972672851 0.0475306581336872 0 0
 932.956813013472 0.067656677904233 0 0
 936.145151680759 0.0816849726459311 0 0
 939.331978114489 0.0863599723437769 0 0
 942.517281754439 0.0848055835188794 0 0
 945.701052040388 0.109045367304195 0 0
 948.883278412113 0.10916182116357 0 0
 952.063950309391 0.133799396098119 0 0
 955.243057172 -NAN 0 0
 958.420588439717 -NAN 0 0
 961.59653355232 -NAN 0 0
 964.770881949585 -NAN 0 0
 967.943623071292 -NAN 0 0
 971.114746357217 -NAN 0 0
 974.284241247136 -NAN 0 0
 977.45209718083 -NAN 0 0
 980.618303598073 -NAN 0 0
 983.782849938645 -NAN 0 0
 986.945725642322 -NAN 0 0
 990.106920148882 -NAN 0 0
 993.266422898102 -NAN 0 0
 996.42422332976 -NAN 0 0
 999.580310883634 -NAN 0 0
 1002.7346749995 -NAN 0 0
 1005.88730511714 -NAN 0 0
 1009.03819067632 -NAN 0 0
 1012.18732111683 -NAN 0 0
 1015.33468587844 -NAN 0 0
 1018.48027440094 -NAN 0 0
 1021.62407612409 -NAN 0 0
 1024.76608048767 -NAN 0 0
 1027.90627693147 -NAN 0 0
 1031.04465489526 -NAN 0 0
 1034.18120381881 -NAN 0 0
 1037.31591314191 -NAN 0 0
 1040.44877230434 -NAN 0 0
 1043.57977074586 -NAN 0 0
 1046.70889790626 -NAN 0 0
 1049.83614322531 -NAN 0 0
 1052.9614961428 -NAN 0 0
 1056.0849460985 -NAN 0 0
 1059.20648253218 -NAN 0 0
 1062.32609488363 -NAN 0 0
 1065.44377259262 -NAN 0 0
 1068.55950509894 -NAN 0 0
 1071.67328184234 -NAN 0 0
 1074.78509226263 -NAN 0 0
 1077.89492579956 -NAN 0 0
 1081.00277189293 -NAN 0 0
 1084.1086199825 -NAN 0 0
 1087.21245950806 -NAN 0 0
 1090.31427990938 -NAN 0 0
 1093.41407062623 -NAN 0 0
 1096.51182109841 -NAN 0 0
 1099.60752076568 -NAN 0 0
 1102.70115906782 -NAN 0 0
 1105.79272544461 -NAN 0 0
 1108.88220933583 -NAN 0 0
 1111.96960018125 -NAN 0 0
 1115.05488742065 -NAN 0 0
 1118.13806049382 -NAN 0 0
 1121.21910884052 -NAN 0 0
 1124.29802190053 -NAN 0 0
 1127.37478911364 -NAN 0 0
 1130.44939991961 -NAN 0 0
[END] of [DATA]
[END] of [Spectrum]

