[Spectrum]
Version            = 1
IDData             = 6F19_2022-09-13_11-00-02_398_042
IDDevice           = SAM_817c
IDDataType         = SPECTRUM
IDDataTypeSub1     = CALIBRATED
IDDataTypeSub2     = 
IDDataTypeSub3     = 
DateTime           = 2022-09-13 11:00:02
PositionLatitude   = 0
PositionLongitude  = 0
Comment            = 
CommentSub1        = 
CommentSub2        = 
CommentSub3        = 
IDMethodType       = SAMIP Control
MethodName         = SAMIP_501A
Mission            = No Mission
MissionSub         = 1
RecordType         = 0
[Attributes]
CalFactor = 1
IDBasisSpec = 
IDDataBack = 2004-03-29_16-38-33_176_143
IDDataCal = 2004-03-31_10-23-24_149_320
InclV = 18.4333282908435
InclValid = 1
InclX = -18.4
InclY = 1.07
IntegrationTime = 256
P31 = -1
P31e = 0
PathLength = +INF
PathLengthCustomOn = 0
PressValid = 1
Pressure = 0.836462514533134
RAWDynamic = 65535
Salinity = 0
Temperature = -NAN
Unit1 = $01 $01 Wavelength nm
Unit2 = $03 $06 Intensity mW/(m^2 nm)
Unit3 = $f0 $06 Error mW/(m^2 nm)
Unit4 = $f1 $00 Status 
p999 = 632
[END] of [Attributes]
[DATA]
 0 7 0 0
 305.0974558736 2.01845082178522 0 0
 308.3963534189 1.8236041664622 0 0
 311.6960197728 1.59231287085383 0 0
 314.9964467375 1.7273780704179 0 0
 318.2976261152 1.68551062279009 0 0
 321.5995497081 2.01731254036994 0 0
 324.9022093184 2.5068895183294 0 0
 328.2055967483 2.89043947674974 0 0
 331.5097038 3.37219402577031 0 0
 334.8145222757 3.80469759747329 0 0
 338.1200439776 4.25042864554569 0 0
 341.4262607079 4.71091715346278 0 0
 344.7331642688 5.1738550610754 0 0
 348.0407464625 5.77081046516927 0 0
 351.3489990912 6.39880735227569 0 0
 354.6579139571 6.97840136007642 0 0
 357.9674828624 7.50474128820596 0 0
 361.2776976093 8.54668026524516 0 0
 364.58855 10.0110503142101 0 0
 367.9000318367 11.2099082401976 0 0
 371.2121349216 11.9371162785306 0 0
 374.5248510569 12.7530914600814 0 0
 377.8381720448 13.5266234404921 0 0
 381.1520896875 13.7836980560298 0 0
 384.4665957872 14.1663338828299 0 0
 387.7816821461 15.4165281104262 0 0
 391.0973405664 16.6297037603883 0 0
 394.4135628503 18.2876197469656 0 0
 397.7303408 22.2884143134859 0 0
 401.0476662177 27.1067488735472 0 0
 404.3655309056 30.2394845779634 0 0
 407.6839266659 31.8710727139748 0 0
 411.0028453008 33.6740895479033 0 0
 414.3222786125 35.3983995091027 0 0
 417.6422184032 36.5578763725633 0 0
 420.9626564751 37.3267963073374 0 0
 424.2835846304 37.4550752236263 0 0
 427.6049946713 36.9586257644431 0 0
 430.9268784 37.9300475197663 0 0
 434.2492276187 40.7674008127823 0 0
 437.5720341296 43.9413980033818 0 0
 440.8952897349 46.7589855023906 0 0
 444.2189862368 49.7956329788493 0 0
 447.5431154375 52.640381046206 0 0
 450.8676691392 54.6894006930794 0 0
 454.1926391441 55.95205563298 0 0
 457.5180172544 56.8867895221131 0 0
 460.8437952723 57.675114047053 0 0
 464.169965 57.8075669823193 0 0
 467.4965182397 57.5966531189546 0 0
 470.8234467936 57.7837121406105 0 0
 474.1507424639 58.4746820274567 0 0
 477.4783970528 59.1924628178273 0 0
 480.8064023625 59.0400074669466 0 0
 484.1347501952 57.8699501461555 0 0
 487.4634323531 56.9795902953636 0 0
 490.7924406384 57.6399275177269 0 0
 494.1217668533 58.4642922504135 0 0
 497.4514028 58.3125431415905 0 0
 500.7813402807 57.7994543241596 0 0
 504.1115710976 57.9455737721082 0 0
 507.4420870529 58.4571187823031 0 0
 510.7728799488 58.2713549396647 0 0
 514.1039415875 56.9843577616927 0 0
 517.4352637712 56.2054486477928 0 0
 520.7668383021 56.7321609573285 0 0
 524.0986569824 57.7111197957872 0 0
 527.4307116143 58.460310543918 0 0
 530.762994 59.0740595641416 0 0
 534.0954959417 59.3150804200224 0 0
 537.4282092416 59.085915717958 0 0
 540.7611257019 58.9395181561606 0 0
 544.0942371248 59.0016098871546 0 0
 547.4275353125 59.1934984247621 0 0
 550.7610120672 59.1643316484982 0 0
 554.0946591911 58.8323575971317 0 0
 557.4284684864 58.304604715237 0 0
 560.7624317553 57.8406916198856 0 0
 564.0965408 57.4413116234487 0 0
 567.4307874227 56.9021730037248 0 0
 570.7651634256 56.4367664604021 0 0
 574.0996606109 56.1204900330109 0 0
 577.4342707808 55.9757055761739 0 0
 580.7689857375 55.8818771369028 0 0
 584.1037972832 54.89883430335 0 0
 587.4386972201 52.9252006893963 0 0
 590.7736773504 51.0006423820184 0 0
 594.1087294763 49.6385624762307 0 0
 597.4438454 48.5003101959721 0 0
 600.7790169237 47.582138514903 0 0
 604.1142358496 46.7313676090035 0 0
 607.4494939799 46.0805481803947 0 0
 610.7847831168 45.480153553495 0 0
 614.1200950625 44.9377766410831 0 0
 617.4554216192 44.4846693715264 0 0
 620.7907545891 44.0916002957637 0 0
 624.1260857744 43.4285190742707 0 0
 627.4614069773 42.6331479135306 0 0
 630.79671 42.0877020925875 0 0
 634.1319866447 42.0291893829736 0 0
 637.4672287136 42.1455273598668 0 0
 640.8024280089 41.8619501016937 0 0
 644.1375763328 41.0871451551696 0 0
 647.4726654875 39.9721341416283 0 0
 650.8076872752 38.6890913427266 0 0
 654.1426334981 37.4478360919816 0 0
 657.4774959584 36.8006549954502 0 0
 660.8122664583 36.8688007013333 0 0
 664.1469368 36.9170230230772 0 0
 667.4814987857 36.7118552377846 0 0
 670.8159442176 36.2615573069083 0 0
 674.1502648979 35.7611158010701 0 0
 677.4844526288 35.169985462744 0 0
 680.8184992125 33.9822928527864 0 0
 684.1523964512 32.0451984732578 0 0
 687.4861361471 30.1281554907442 0 0
 690.8197101024 29.0774304865488 0 0
 694.1531101193 28.639880871829 0 0
 697.486328 28.0088073588102 0 0
 700.8193555467 27.0344187837723 0 0
 704.1521845616 25.7842602931732 0 0
 707.4848068469 24.1961362532341 0 0
 710.8172142048 21.825717668399 0 0
 714.1493984375 18.6657015968288 0 0
 717.4813513472 15.2803032915403 0 0
 720.8130647361 12.4076680154551 0 0
 724.1445304064 10.1455186259358 0 0
 727.4757401603 8.16743189144412 0 0
 730.8066858 6.54183518459627 0 0
 734.1373591277 5.27187220111627 0 0
 737.4677519456 4.42337000070709 0 0
 740.7978560559 3.84603642888806 0 0
 744.1276632608 3.587694553541 0 0
 747.4571653625 3.40404965634166 0 0
 750.7863541632 3.27448285079099 0 0
 754.1152214651 2.96702228726566 0 0
 757.4437590704 2.52467928982854 0 0
 760.7719587813 2.14822640455598 0 0
 764.0998124 2.17335596229207 0 0
 767.4273117287 2.51281025934477 0 0
 770.7544485696 2.87427304316997 0 0
 774.0812147249 3.19237991216499 0 0
 777.4076019968 3.34604144483107 0 0
 780.7336021875 3.54822836677306 0 0
 784.0592070992 3.70352774853104 0 0
 787.3844085341 3.90404508601631 0 0
 790.7091982944 4.05922349802645 0 0
 794.0335681823 4.30032520887442 0 0
 797.35751 4.52374855821867 0 0
 800.6810155497 4.80209173504908 0 0
 804.0040766336 4.89578308859495 0 0
 807.3266850539 4.82169403259656 0 0
 810.6488326128 4.6061736764443 0 0
 813.9705111125 4.11685421923265 0 0
 817.2917123552 3.72341430438526 0 0
 820.6124281431 3.30766631595449 0 0
 823.9326502784 2.94765469489163 0 0
 827.2523705633 2.36553514767253 0 0
 830.5715808 1.9825738750424 0 0
 833.8902727907 1.52513446501319 0 0
 837.2084383376 1.30348797903277 0 0
 840.5260692429 1.13561045369085 0 0
 843.8431573088 1.09112936121212 0 0
 847.1596943375 0.966791028695414 0 0
 850.4756721312 0.832828074419861 0 0
 853.7910824921 0.806039237663864 0 0
 857.1059172224 0.718269558651843 0 0
 860.4201681243 0.697494298686275 0 0
 863.733827 0.561335600963093 0 0
 867.0468856517 0.617963876788108 0 0
 870.3593358816 0.546521212496908 0 0
 873.6711694919 0.448454329442994 0 0
 876.9823782848 0.467044901978407 0 0
 880.2929540625 0.39795634667275 0 0
 883.6028886272 0.35492529116145 0 0
 886.9121737811 0.343430883382303 0 0
 890.2208013264 0.290800240133886 0 0
 893.5287630653 0.32976792910808 0 0
 896.8360508 0.339053591878548 0 0
 900.1426563327 0.307190487110712 0 0
 903.4485714656 0.297967679269754 0 0
 906.7537880009 0.173584231340681 0 0
 910.0582977408 0.318155193225993 0 0
 913.3620924875 0.253704591768327 0 0
 916.6651640432 0.290518947385097 0 0
 919.9675042101 0.330232261020744 0 0
 923.2691047904 0.405185119967642 0 0
 926.5699575863 0.331779507643455 0 0
 929.8700544 0.406397605058782 0 0
 933.1693870337 0.39047849746299 0 0
 936.4679472896 0.395605436021102 0 0
 939.7657269699 0.359507949911061 0 0
 943.0627178768 0.218132465167281 0 0
 946.3589118125 0.482017208837575 0 0
 949.6543005792 0.242315868681086 0 0
 952.9488759791 0.399935387680247 0 0
 956.2426298144 0.379694238103228 0 0
 959.5355538873 0.297069606615679 0 0
 962.82764 0.547226030306629 0 0
 966.1188799547 0.498054760195065 0 0
 969.4092655536 0.393192032265984 0 0
 972.6987885989 0.409554958901378 0 0
 975.9874408928 0.318242303344277 0 0
 979.2752142375 0.967941458019252 0 0
 982.5621004352 0.458081867198938 0 0
 985.8480912881 0.454241210908135 0 0
 989.1331785984 0.784069090370936 0 0
 992.4173541683 0.802543080727218 0 0
 995.7006098 0.923662282564216 0 0
 998.9829372957 0.695570256574699 0 0
 1002.2643284576 0.966965614575388 0 0
 1005.5447750879 1.40204635147773 0 0
 1008.8242689888 1.41412977878358 0 0
 1012.1028019625 0.988752739050939 0 0
 1015.3803658112 1.64435659122399 0 0
 1018.6569523371 2.76708810098517 0 0
 1021.9325533424 1.55316351509904 0 0
 1025.2071606293 2.12547331537413 0 0
 1028.480766 2.47992638349914 0 0
 1031.7533612567 11.0482955473811 0 0
 1035.0249382016 9.33377928602381 0 0
 1038.2954886369 0 0 0
 1041.5650043648 0 0 0
 1044.8334771875 0 0 0
 1048.1008989072 0 0 0
 1051.3672613261 0 0 0
 1054.6325562464 0 0 0
 1057.8967754703 0 0 0
 1061.1599108 0 0 0
 1064.4219540377 0 0 0
 1067.6828969856 0 0 0
 1070.9427314459 0 0 0
 1074.2014492208 0 0 0
 1077.4590421125 0 0 0
 1080.7155019232 0 0 0
 1083.9708204551 0 0 0
 1087.2249895104 0 0 0
 1090.4780008913 0 0 0
 1093.7298464 0 0 0
 1096.9805178387 0 0 0
 1100.2300070096 0 0 0
 1103.4783057149 0 0 0
 1106.7254057568 0 0 0
 1109.9712989375 0 0 0
 1113.2159770592 0 0 0
 1116.4594319241 0 0 0
 1119.7016553344 0 0 0
 1122.9426390923 0 0 0
 1126.182375 0 0 0
 1129.4208548597 0 0 0
 1132.6580704736 0 0 0
 1135.8940136439 0 0 0
 1139.1286761728 0 0 0
 1142.3620498625 0 0 0
 1145.5941265152 0 0 0
[END] of [DATA]
[END] of [Spectrum]

