[Spectrum]
Version            = 1
IDData             = 6F19_2022-09-13_11-00-30_341_054
IDDevice           = SAM_817c
IDDataType         = SPECTRUM
IDDataTypeSub1     = CALIBRATED
IDDataTypeSub2     = 
IDDataTypeSub3     = 
DateTime           = 2022-09-13 11:00:30
PositionLatitude   = 0
PositionLongitude  = 0
Comment            = 
CommentSub1        = 
CommentSub2        = 
CommentSub3        = 
IDMethodType       = SAMIP Control
MethodName         = SAMIP_501A
Mission            = No Mission
MissionSub         = 1
RecordType         = 0
[Attributes]
CalFactor = 1
IDBasisSpec = 
IDDataBack = 2004-03-29_16-38-33_176_143
IDDataCal = 2004-03-31_10-23-24_149_320
InclV = 20.730194557872
InclValid = 1
InclX = -20.7
InclY = 1.07
IntegrationTime = 512
P31 = -1
P31e = 0
PathLength = +INF
PathLengthCustomOn = 0
PressValid = 1
Pressure = 1.24517519044231
RAWDynamic = 65535
Salinity = 0
Temperature = -NAN
Unit1 = $01 $01 Wavelength nm
Unit2 = $03 $06 Intensity mW/(m^2 nm)
Unit3 = $f0 $06 Error mW/(m^2 nm)
Unit4 = $f1 $00 Status 
p999 = 633
[END] of [Attributes]
[DATA]
 0 8 0 0
 305.0974558736 0.327414727532617 0 0
 308.3963534189 0.359040947324302 0 0
 311.6960197728 0.282065247027719 0 0
 314.9964467375 0.251680940495739 0 0
 318.2976261152 0.231975765286825 0 0
 321.5995497081 0.217442875557839 0 0
 324.9022093184 0.193697917907368 0 0
 328.2055967483 0.172607006511211 0 0
 331.5097038 0.171884859571672 0 0
 334.8145222757 0.183873329024273 0 0
 338.1200439776 0.184972335553957 0 0
 341.4262607079 0.198306292274619 0 0
 344.7331642688 0.203473253704363 0 0
 348.0407464625 0.191657442081623 0 0
 351.3489990912 0.174544603064591 0 0
 354.6579139571 0.189589852510984 0 0
 357.9674828624 0.211353084729614 0 0
 361.2776976093 0.237772034827893 0 0
 364.58855 0.293549926840015 0 0
 367.9000318367 0.341854356520238 0 0
 371.2121349216 0.410970007711401 0 0
 374.5248510569 0.495410987280774 0 0
 377.8381720448 0.594069053377403 0 0
 381.1520896875 0.676202082723871 0 0
 384.4665957872 0.807416864980811 0 0
 387.7816821461 0.981130711105095 0 0
 391.0973405664 1.17627956166629 0 0
 394.4135628503 1.42746543315463 0 0
 397.7303408 1.9099873054828 0 0
 401.0476662177 2.49597038764097 0 0
 404.3655309056 3.01313409995587 0 0
 407.6839266659 3.47873387207043 0 0
 411.0028453008 4.00308242591286 0 0
 414.3222786125 4.57606027286424 0 0
 417.6422184032 5.11565355141826 0 0
 420.9626564751 5.65753522215357 0 0
 424.2835846304 6.11091974977123 0 0
 427.6049946713 6.49360245432724 0 0
 430.9268784 7.15274644882004 0 0
 434.2492276187 8.18893364823774 0 0
 437.5720341296 9.35994756284085 0 0
 440.8952897349 10.5815039898304 0 0
 444.2189862368 11.9498413274775 0 0
 447.5431154375 13.3510611658174 0 0
 450.8676691392 14.6042470746117 0 0
 454.1926391441 15.6728967574434 0 0
 457.5180172544 16.6529416999502 0 0
 460.8437952723 17.5604276202245 0 0
 464.169965 18.2628519676845 0 0
 467.4965182397 18.8560697553347 0 0
 470.8234467936 19.5883250115454 0 0
 474.1507424639 20.4757716908791 0 0
 477.4783970528 21.3758060316677 0 0
 480.8064023625 21.9237953857978 0 0
 484.1347501952 22.0312154566228 0 0
 487.4634323531 22.2164204151812 0 0
 490.7924406384 22.9461654969726 0 0
 494.1217668533 23.6911104856722 0 0
 497.4514028 23.9952162622267 0 0
 500.7813402807 24.0943759676662 0 0
 504.1115710976 24.4034964428586 0 0
 507.4420870529 24.7332563866407 0 0
 510.7728799488 24.6626674109948 0 0
 514.1039415875 24.1508485405659 0 0
 517.4352637712 23.9735993120074 0 0
 520.7668383021 24.4459277202073 0 0
 524.0986569824 25.0951277812395 0 0
 527.4307116143 25.6247034080908 0 0
 530.762994 26.0473213033561 0 0
 534.0954959417 26.2580848641707 0 0
 537.4282092416 26.215142321606 0 0
 540.7611257019 26.1344778683695 0 0
 544.0942371248 26.1401218923158 0 0
 547.4275353125 26.1927980896094 0 0
 550.7610120672 26.2133750464614 0 0
 554.0946591911 26.1687374825441 0 0
 557.4284684864 26.0909754950641 0 0
 560.7624317553 26.0079257817513 0 0
 564.0965408 25.8897579097606 0 0
 567.4307874227 25.5930705560023 0 0
 570.7651634256 25.1870346658653 0 0
 574.0996606109 24.6670558557962 0 0
 577.4342707808 23.9912602054759 0 0
 580.7689857375 23.0682029076457 0 0
 584.1037972832 21.5874339864448 0 0
 587.4386972201 19.5925579759024 0 0
 590.7736773504 17.5047512419272 0 0
 594.1087294763 15.5323412581546 0 0
 597.4438454 13.5801585273655 0 0
 600.7790169237 11.8536729790366 0 0
 604.1142358496 10.4935971276421 0 0
 607.4494939799 9.56832639383346 0 0
 610.7847831168 9.00570573050354 0 0
 614.1200950625 8.64800559294113 0 0
 617.4554216192 8.40219599473889 0 0
 620.7907545891 8.17674877409053 0 0
 624.1260857744 7.89680911864555 0 0
 627.4614069773 7.60289439860619 0 0
 630.79671 7.3446061680476 0 0
 634.1319866447 7.17532377805501 0 0
 637.4672287136 7.01136009158107 0 0
 640.8024280089 6.78361997863202 0 0
 644.1375763328 6.47263770156412 0 0
 647.4726654875 6.0894173661649 0 0
 650.8076872752 5.62160766827469 0 0
 654.1426334981 5.09064539072418 0 0
 657.4774959584 4.60319312338245 0 0
 660.8122664583 4.26765050225275 0 0
 664.1469368 4.03259509008842 0 0
 667.4814987857 3.83182261754084 0 0
 670.8159442176 3.68294973150341 0 0
 674.1502648979 3.52025642835386 0 0
 677.4844526288 3.34842492893428 0 0
 680.8184992125 3.13125698183871 0 0
 684.1523964512 2.80841630496069 0 0
 687.4861361471 2.49041016553029 0 0
 690.8197101024 2.21137132317903 0 0
 694.1531101193 1.93705631411082 0 0
 697.486328 1.64551443368565 0 0
 700.8193555467 1.32015281056902 0 0
 704.1521845616 1.02632483477571 0 0
 707.4848068469 0.746851852465471 0 0
 710.8172142048 0.517044866924896 0 0
 714.1493984375 0.336930420541588 0 0
 717.4813513472 0.195873948771875 0 0
 720.8130647361 0.116681655298422 0 0
 724.1445304064 0.067686630571662 0 0
 727.4757401603 0.0431074653192379 0 0
 730.8066858 0.0335593256877742 0 0
 734.1373591277 0.0358398092718169 0 0
 737.4677519456 0.0508336312373613 0 0
 740.7978560559 0.0325891452557529 0 0
 744.1276632608 0.0225044685279587 0 0
 747.4571653625 0.0202942028335738 0 0
 750.7863541632 0.0253400678779265 0 0
 754.1152214651 0.0114449870630075 0 0
 757.4437590704 0.0253143404292552 0 0
 760.7719587813 0.0266246195535809 0 0
 764.0998124 0.024546161055797 0 0
 767.4273117287 0.0228153491300743 0 0
 770.7544485696 0.0190569374635955 0 0
 774.0812147249 0.02074111209034 0 0
 777.4076019968 0.0366706702262518 0 0
 780.7336021875 0.0420813209018464 0 0
 784.0592070992 0.0435888595057738 0 0
 787.3844085341 0.0427322932518925 0 0
 790.7091982944 0.0225796124235826 0 0
 794.0335681823 0.016612502702816 0 0
 797.35751 0.0238387599754679 0 0
 800.6810155497 0.0325150548456724 0 0
 804.0040766336 0.0382326838206655 0 0
 807.3266850539 0.0471832273226092 0 0
 810.6488326128 0.0300717738781115 0 0
 813.9705111125 0.0362476115685078 0 0
 817.2917123552 0.0396463462173304 0 0
 820.6124281431 0.0487357307904657 0 0
 823.9326502784 0.0575574428660926 0 0
 827.2523705633 0.0616255379668587 0 0
 830.5715808 0.0543271680710686 0 0
 833.8902727907 0.040108276215118 0 0
 837.2084383376 0.0275428013491627 0 0
 840.5260692429 0.0326339707060837 0 0
 843.8431573088 0.0345610643045292 0 0
 847.1596943375 0.0720315301910487 0 0
 850.4756721312 0.0563443642975823 0 0
 853.7910824921 0.0556412977164102 0 0
 857.1059172224 0.0483703996297886 0 0
 860.4201681243 0.00842801830621827 0 0
 863.733827 0.0210736085663503 0 0
 867.0468856517 0.0782207355377245 0 0
 870.3593358816 0.0537354483910897 0 0
 873.6711694919 0.0574336336199324 0 0
 876.9823782848 0.0439567766713338 0 0
 880.2929540625 0.0126255313946873 0 0
 883.6028886272 0.0217572061235174 0 0
 886.9121737811 -0.0205020177184127 0 0
 890.2208013264 0.036914948878988 0 0
 893.5287630653 0.0689640018117157 0 0
 896.8360508 0.0589808320875384 0 0
 900.1426563327 0.0342651192665148 0 0
 903.4485714656 0.0301743780183991 0 0
 906.7537880009 0.0507820396998654 0 0
 910.0582977408 -0.00211325526469602 0 0
 913.3620924875 0.0751949766222551 0 0
 916.6651640432 0.036969127724069 0 0
 919.9675042101 0.0619711123873614 0 0
 923.2691047904 0.0152445670595231 0 0
 926.5699575863 -0.00854165785317184 0 0
 929.8700544 0.0141621528112468 0 0
 933.1693870337 0.0713160016280241 0 0
 936.4679472896 0.0750942134624865 0 0
 939.7657269699 0.0677710317294926 0 0
 943.0627178768 0.0440394788434551 0 0
 946.3589118125 -0.00371699321575683 0 0
 949.6543005792 0.0287913224072708 0 0
 952.9488759791 0.0185166066298987 0 0
 956.2426298144 0.126067332576092 0 0
 959.5355538873 0.0918475634166533 0 0
 962.82764 0.218715586774818 0 0
 966.1188799547 -0.0116936299371934 0 0
 969.4092655536 -0.028789967681836 0 0
 972.6987885989 0.0286804491829222 0 0
 975.9874408928 0.0319675665599335 0 0
 979.2752142375 0.281070702014828 0 0
 982.5621004352 0.190650872805121 0 0
 985.8480912881 0.311909818474041 0 0
 989.1331785984 -0.0431971161297225 0 0
 992.4173541683 0.0311348527825178 0 0
 995.7006098 -0.0393652461648338 0 0
 998.9829372957 0.152717994272053 0 0
 1002.2643284576 0.39954072479321 0 0
 1005.5447750879 0.26123603363665 0 0
 1008.8242689888 0.304822053787282 0 0
 1012.1028019625 0.246129142046114 0 0
 1015.3803658112 0.430831438497453 0 0
 1018.6569523371 -0.269552177093232 0 0
 1021.9325533424 0.890959501344985 0 0
 1025.2071606293 0.696128362801607 0 0
 1028.480766 0.907968956585077 0 0
 1031.7533612567 -3.65025098059351 0 0
 1035.0249382016 1.37790756480928 0 0
 1038.2954886369 0 0 0
 1041.5650043648 0 0 0
 1044.8334771875 0 0 0
 1048.1008989072 0 0 0
 1051.3672613261 0 0 0
 1054.6325562464 0 0 0
 1057.8967754703 0 0 0
 1061.1599108 0 0 0
 1064.4219540377 0 0 0
 1067.6828969856 0 0 0
 1070.9427314459 0 0 0
 1074.2014492208 0 0 0
 1077.4590421125 0 0 0
 1080.7155019232 0 0 0
 1083.9708204551 0 0 0
 1087.2249895104 0 0 0
 1090.4780008913 0 0 0
 1093.7298464 0 0 0
 1096.9805178387 0 0 0
 1100.2300070096 0 0 0
 1103.4783057149 0 0 0
 1106.7254057568 0 0 0
 1109.9712989375 0 0 0
 1113.2159770592 0 0 0
 1116.4594319241 0 0 0
 1119.7016553344 0 0 0
 1122.9426390923 0 0 0
 1126.182375 0 0 0
 1129.4208548597 0 0 0
 1132.6580704736 0 0 0
 1135.8940136439 0 0 0
 1139.1286761728 0 0 0
 1142.3620498625 0 0 0
 1145.5941265152 0 0 0
[END] of [DATA]
[END] of [Spectrum]

