[Spectrum]
Version            = 1
IDData             = 2CAE_2016-03-07_13-07-37_206_340
IDDevice           = SAM_8175
IDDataType         = SPECTRUM
IDDataTypeSub1     = CALIBRATED
IDDataTypeSub2     = 
IDDataTypeSub3     = 
DateTime           = 2016-03-07 13:07:37
PositionLatitude   = 0
PositionLongitude  = 0
Comment            = 
CommentSub1        = 
CommentSub2        = 
CommentSub3        = 
IDMethodType       = SAM Control
MethodName         = SAM_8175
Mission            = 
MissionSub         = 1
RecordType         = 0

[Attributes]
CalFactor = 1
IDBasisSpec = 
IDDataBack = 2004-03-29_14-59-06_000_254
IDDataCal = 2004-09-29_03-00-00
IntegrationTime = 128
P31 = -1
P31e = 0
PathLength = +INF
RAWDynamic = 65535
Temperature = +NAN
Unit1 = $01 $01 Wavelength nm
Unit2 = $03 $06 Intensity mW/(m^2 nm)
Unit3 = $f0 $06 Error mW/(m^2 nm)
Unit4 = $f1 $00 Status 
[END] of [Attributes]
[DATA]
 0 6 0 0
 305.14988776048 0 0 0
 308.45931630612 0 0 0
 311.76939137984 0 0 0
 315.080105545 0 0 0
 318.39145136496 0 0 0
 321.70342140308 0 0 0
 325.01600822272 25.8913439397531 0 0
 328.32920438724 31.0990387585931 0 0
 331.64300246 34.2578922115145 0 0
 334.95739500436 36.1420665818816 0 0
 338.27237458368 38.3388172874846 0 0
 341.58793376132 40.1777778446559 0 0
 344.90406510064 41.9618495736682 0 0
 348.220761165 43.9900337260769 0 0
 351.53801451776 46.2866229633287 0 0
 354.85581772228 47.1099271972242 0 0
 358.17416334192 47.4779638176739 0 0
 361.49304394004 50.5114073396158 0 0
 364.81245208 55.9427589610235 0 0
 368.13238032516 59.3966320130071 0 0
 371.45282123888 59.324812449831 0 0
 374.77376738452 59.5752331797251 0 0
 378.09521132544 59.9165747129644 0 0
 381.417145625 57.7032998044714 0 0
 384.73956284656 56.3869688008494 0 0
 388.06245555348 58.7373935945905 0 0
 391.38581630912 60.8865973712675 0 0
 394.70963767684 64.6465049105844 0 0
 398.03391222 76.5806858743155 0 0
 401.35863250196 90.4557298327929 0 0
 404.68379108608 97.4159802319173 0 0
 408.00938053572 100.166759805156 0 0
 411.33539341424 103.385289504225 0 0
 414.661822285 105.861570242517 0 0
 417.98865971136 106.540257531913 0 0
 421.31589825668 105.917460782651 0 0
 424.64353048432 103.653392885122 0 0
 427.97154895764 100.081737605841 0 0
 431.29994624 100.763246475592 0 0
 434.62871489476 106.219690877021 0 0
 437.95784748528 111.940966967523 0 0
 441.28733657492 117.026161691103 0 0
 444.61717472704 122.52306959167 0 0
 447.947354505 127.214255343508 0 0
 451.27786847216 130.30944045458 0 0
 454.60870919188 131.665944569398 0 0
 457.93986922752 132.582071706942 0 0
 461.27134114244 133.106697917713 0 0
 464.6031175 132.348706644051 0 0
 467.93519086356 131.120529915258 0 0
 471.26755379648 130.87040304622 0 0
 474.60019886212 131.34948119674 0 0
 477.93311862384 131.999201989032 0 0
 481.266305645 130.908624433788 0 0
 484.59975248896 128.002644571191 0 0
 487.93345171908 126.239377439622 0 0
 491.26739589872 127.180940228534 0 0
 494.60157759124 128.04212899727 0 0
 497.93598936 127.131077406323 0 0
 501.27062376836 125.725471617252 0 0
 504.60547337968 125.680844778014 0 0
 507.94053075732 126.133675183842 0 0
 511.27578846464 125.06354218028 0 0
 514.611239065 122.194621719638 0 0
 517.94687512176 120.542844531658 0 0
 521.28268919828 121.18111237356 0 0
 524.61867385792 122.433695739949 0 0
 527.95482166404 123.346107401267 0 0
 531.29112518 124.048903891293 0 0
 534.62757696916 124.097947374962 0 0
 537.96416959488 123.450548944251 0 0
 541.30089562052 122.789146377313 0 0
 544.63774760944 122.796132608561 0 0
 547.974718125 122.950829866761 0 0
 551.31179973056 122.781343495098 0 0
 554.64898498948 121.81189381293 0 0
 557.98626646512 120.496709795091 0 0
 561.32363672084 119.179126046885 0 0
 564.66108832 117.810984682256 0 0
 567.99861382596 116.325339722699 0 0
 571.33620580208 115.012105702019 0 0
 574.67385681172 114.372853307481 0 0
 578.01155941824 114.601691333595 0 0
 581.349306185 115.135692286213 0 0
 584.68708967536 114.31737125496 0 0
 588.02490245268 112.794127758001 0 0
 591.36273708032 111.769912248946 0 0
 594.70058612164 111.454821666272 0 0
 598.03844214 111.648731754177 0 0
 601.37629769876 112.109375232223 0 0
 604.71414536128 112.31587764989 0 0
 608.05197769092 112.117812379824 0 0
 611.38978725104 111.516095433511 0 0
 614.727566605 110.615818002264 0 0
 618.06530831616 109.878584588911 0 0
 621.40300494788 108.904186622315 0 0
 624.74064906352 107.307093591233 0 0
 628.07823322644 105.588786846881 0 0
 631.41575 105.050620514004 0 0
 634.75319194756 105.884824552716 0 0
 638.09055163248 106.806127033112 0 0
 641.42782161812 106.624801257221 0 0
 644.76499446784 105.134547557967 0 0
 648.102062745 103.38722665096 0 0
 651.43901901296 101.853503204199 0 0
 654.77585583508 101.125199923467 0 0
 658.11256577472 101.910556543407 0 0
 661.44914139524 103.512535911266 0 0
 664.78557526 104.442273241415 0 0
 668.12185993236 104.578756757203 0 0
 671.45798797568 104.214190917958 0 0
 674.79395195332 103.469894236131 0 0
 678.12974442864 101.896203978152 0 0
 681.465357965 98.3142170476231 0 0
 684.80078512576 93.1465824745887 0 0
 688.13601847428 89.4620353415553 0 0
 691.47105057392 89.1467877992902 0 0
 694.80587398804 90.7675882798734 0 0
 698.14048128 92.3033281697871 0 0
 701.47486501316 93.4884652015628 0 0
 704.80901775088 94.3477553769178 0 0
 708.14293205652 94.1790000864685 0 0
 711.47660049344 91.4560193957648 0 0
 714.810015625 86.1550929529697 0 0
 718.14317001456 80.6184801503281 0 0
 721.47605622548 77.3162289507256 0 0
 724.80866682112 76.5395239174366 0 0
 728.14099436484 78.007993459864 0 0
 731.47303142 81.3893071372473 0 0
 734.80477054996 85.1358762377315 0 0
 738.13620431808 88.1097171577309 0 0
 741.46732528772 90.103949742334 0 0
 744.79812602224 91.0977072047093 0 0
 748.128599085 90.7391907068597 0 0
 751.45873703936 87.6706124722756 0 0
 754.78853244868 79.0808252059686 0 0
 758.11797787632 65.8089179091282 0 0
 761.44706588564 56.8028579891374 0 0
 764.77578904 59.4010770491852 0 0
 768.10413990276 69.0400378534625 0 0
 771.43211103728 77.5667289828312 0 0
 774.75969500692 82.478241886013 0 0
 778.08688437504 84.5062472514012 0 0
 781.413671705 84.7980681901516 0 0
 784.74004956016 83.9728864219301 0 0
 788.06601050388 82.5112056468409 0 0
 791.39154709952 81.0897315039798 0 0
 794.71665191044 79.9407726580165 0 0
 798.0413175 78.9945138894972 0 0
 801.36553643156 78.0180646236351 0 0
 804.68930126848 76.6220001394706 0 0
 808.01260457412 73.7447028655398 0 0
 811.33543891184 69.0737708485291 0 0
 814.657796845 64.2438404414818 0 0
 817.97967093696 61.3191415460958 0 0
 821.30105375108 60.7680968660675 0 0
 824.62193785072 61.4706030793688 0 0
 827.94231579924 62.9497096963885 0 0
 831.26218016 64.8487169142543 0 0
 834.58152349636 67.2728977390388 0 0
 837.90033837168 69.5329159540945 0 0
 841.21861734932 70.9518435783369 0 0
 844.53635299264 71.3688501897542 0 0
 847.853537865 70.7361018025008 0 0
 851.17016452976 69.7116858079037 0 0
 854.48622555028 69.2051172786391 0 0
 857.80171348992 69.2626538111911 0 0
 861.11662091204 68.8934371851633 0 0
 864.43094038 67.8689120371876 0 0
 867.74466445716 67.1057939924434 0 0
 871.05778570688 66.6941613581084 0 0
 874.37029669252 66.3312392911886 0 0
 877.68218997744 65.7164193991475 0 0
 880.993458125 64.8702597417609 0 0
 884.30409369856 64.0763807420156 0 0
 887.61408926148 62.3294099328471 0 0
 890.92343737712 59.1298415067057 0 0
 894.23213060884 54.0540880173726 0 0
 897.54016152 49.3063798007284 0 0
 900.84752267396 46.6003212338576 0 0
 904.15420663408 45.3779042728024 0 0
 907.46020596372 43.787971496677 0 0
 910.76551322624 42.1816676338218 0 0
 914.070120985 41.6668100214087 0 0
 917.37402180336 42.4751245316526 0 0
 920.67720824468 43.0478876104859 0 0
 923.97967287232 40.8563609736117 0 0
 927.28140824964 35.2523369174164 0 0
 930.58240694 27.3299820872309 0 0
 933.88266150676 20.9487846206323 0 0
 937.18216451328 18.2130610462701 0 0
 940.48090852292 17.7088777485897 0 0
 943.77888609904 17.6073839318599 0 0
 947.076089805 17.9910466737143 0 0
 950.37251220416 18.9127057031819 0 0
 953.66814585988 20.0453283388543 0 0
 956.96298333552 0 0 0
 960.25701719444 0 0 0
 963.55024 0 0 0
 966.84264431556 0 0 0
 970.13422270448 0 0 0
 973.42496773012 0 0 0
 976.71487195584 0 0 0
 980.003927945 0 0 0
 983.29212826096 0 0 0
 986.57946546708 0 0 0
 989.86593212672 0 0 0
 993.15152080324 0 0 0
 996.43622406 0 0 0
 999.72003446036 0 0 0
 1003.00294456768 0 0 0
 1006.28494694532 0 0 0
 1009.56603415664 0 0 0
 1012.846198765 0 0 0
 1016.12543333376 0 0 0
 1019.40373042628 0 0 0
 1022.68108260592 0 0 0
 1025.95748243604 0 0 0
 1029.23292248 0 0 0
 1032.50739530116 0 0 0
 1035.78089346288 0 0 0
 1039.05340952852 0 0 0
 1042.32493606144 0 0 0
 1045.595465625 0 0 0
 1048.86499078256 0 0 0
 1052.13350409748 0 0 0
 1055.40099813312 0 0 0
 1058.66746545284 0 0 0
 1061.93289862 0 0 0
 1065.19729019796 0 0 0
 1068.46063275008 0 0 0
 1071.72291883972 0 0 0
 1074.98414103024 0 0 0
 1078.244291885 0 0 0
 1081.50336396736 0 0 0
 1084.76134984068 0 0 0
 1088.01824206832 0 0 0
 1091.27403321364 0 0 0
 1094.52871584 0 0 0
 1097.78228251076 0 0 0
 1101.03472578928 0 0 0
 1104.28603823892 0 0 0
 1107.53621242304 0 0 0
 1110.785240905 0 0 0
 1114.03311624816 0 0 0
 1117.27983101588 0 0 0
 1120.52537777152 0 0 0
 1123.76974907844 0 0 0
 1127.0129375 0 0 0
 1130.25493559956 0 0 0
 1133.49573594048 0 0 0
 1136.73533108612 0 0 0
 1139.97371359984 0 0 0
 1143.210876045 0 0 0
 1146.44681098496 0 0 0
[END] of [DATA]
[END] of [Spectrum]

