[Spectrum]
Version            = 1
IDData             = 2CAE_2016-03-07_13-06-40_951_316
IDDevice           = SAM_8175
IDDataType         = SPECTRUM
IDDataTypeSub1     = CALIBRATED
IDDataTypeSub2     = 
IDDataTypeSub3     = 
DateTime           = 2016-03-07 13:06:40
PositionLatitude   = 0
PositionLongitude  = 0
Comment            = 
CommentSub1        = 
CommentSub2        = 
CommentSub3        = 
IDMethodType       = SAM Control
MethodName         = SAM_8175
Mission            = 
MissionSub         = 1
RecordType         = 0

[Attributes]
CalFactor = 1
IDBasisSpec = 
IDDataBack = 2004-03-29_14-59-06_000_254
IDDataCal = 2004-09-29_03-00-00
IntegrationTime = 128
P31 = -1
P31e = 0
PathLength = +INF
RAWDynamic = 65535
Temperature = +NAN
Unit1 = $01 $01 Wavelength nm
Unit2 = $03 $06 Intensity mW/(m^2 nm)
Unit3 = $f0 $06 Error mW/(m^2 nm)
Unit4 = $f1 $00 Status 
[END] of [Attributes]
[DATA]
 0 6 0 0
 305.14988776048 0 0 0
 308.45931630612 0 0 0
 311.76939137984 0 0 0
 315.080105545 0 0 0
 318.39145136496 0 0 0
 321.70342140308 0 0 0
 325.01600822272 25.7268676532337 0 0
 328.32920438724 30.8412900436569 0 0
 331.64300246 33.9761364993514 0 0
 334.95739500436 35.8905073092307 0 0
 338.27237458368 38.1434655472868 0 0
 341.58793376132 39.8583658973707 0 0
 344.90406510064 41.6608516756416 0 0
 348.220761165 43.6335089665376 0 0
 351.53801451776 45.9106678421806 0 0
 354.85581772228 46.7661488624653 0 0
 358.17416334192 47.1303092311456 0 0
 361.49304394004 50.127422965632 0 0
 364.81245208 55.5338875640753 0 0
 368.13238032516 58.9397121520006 0 0
 371.45282123888 58.9115290015927 0 0
 374.77376738452 59.0783451106524 0 0
 378.09521132544 59.4062457558254 0 0
 381.417145625 57.2522020251363 0 0
 384.73956284656 55.8932065865264 0 0
 388.06245555348 58.276712979729 0 0
 391.38581630912 60.3696397786149 0 0
 394.70963767684 64.095031050046 0 0
 398.03391222 75.8939769386325 0 0
 401.35863250196 89.6288165522284 0 0
 404.68379108608 96.5201644173046 0 0
 408.00938053572 99.2392240727372 0 0
 411.33539341424 102.344278228042 0 0
 414.661822285 104.900773313332 0 0
 417.98865971136 105.483851944054 0 0
 421.31589825668 104.895627566561 0 0
 424.64353048432 102.66262427957 0 0
 427.97154895764 99.1020444418086 0 0
 431.29994624 99.7565900131137 0 0
 434.62871489476 105.146575380814 0 0
 437.95784748528 110.848086544292 0 0
 441.28733657492 115.896549018256 0 0
 444.61717472704 121.267311230462 0 0
 447.947354505 125.904033098949 0 0
 451.27786847216 128.948162214132 0 0
 454.60870919188 130.320695020299 0 0
 457.93986922752 131.209267329348 0 0
 461.27134114244 131.723369588279 0 0
 464.6031175 130.965192219726 0 0
 467.93519086356 129.744943821451 0 0
 471.26755379648 129.491610874853 0 0
 474.60019886212 129.948217807979 0 0
 477.93311862384 130.642134279502 0 0
 481.266305645 129.514051320792 0 0
 484.59975248896 126.650224143127 0 0
 487.93345171908 124.892997895966 0 0
 491.26739589872 125.803709020129 0 0
 494.60157759124 126.675849604031 0 0
 497.93598936 125.741525913444 0 0
 501.27062376836 124.339910760817 0 0
 504.60547337968 124.275202725968 0 0
 507.94053075732 124.743513396557 0 0
 511.27578846464 123.623998399603 0 0
 514.611239065 120.825216973409 0 0
 517.94687512176 119.179802210967 0 0
 521.28268919828 119.794085552364 0 0
 524.61867385792 120.993985788358 0 0
 527.95482166404 121.8669776194 0 0
 531.29112518 122.606096902891 0 0
 534.62757696916 122.600124534821 0 0
 537.96416959488 121.974107959733 0 0
 541.30089562052 121.342673751516 0 0
 544.63774760944 121.305642200511 0 0
 547.974718125 121.44408849391 0 0
 551.31179973056 121.248270082081 0 0
 554.64898498948 120.320369895787 0 0
 557.98626646512 118.962036681667 0 0
 561.32363672084 117.652363349579 0 0
 564.66108832 116.300989352201 0 0
 567.99861382596 114.830996434392 0 0
 571.33620580208 113.525861290655 0 0
 574.67385681172 112.908184331597 0 0
 578.01155941824 113.119219726583 0 0
 581.349306185 113.640085449494 0 0
 584.68708967536 112.829977663878 0 0
 588.02490245268 111.327187181191 0 0
 591.36273708032 110.318791225547 0 0
 594.70058612164 109.971413435719 0 0
 598.03844214 110.154889523523 0 0
 601.37629769876 110.641124877614 0 0
 604.71414536128 110.896450638066 0 0
 608.05197769092 110.672068623502 0 0
 611.38978725104 110.029985517691 0 0
 614.727566605 109.192129033192 0 0
 618.06530831616 108.426404967452 0 0
 621.40300494788 107.506961077812 0 0
 624.74064906352 105.885558303548 0 0
 628.07823322644 104.203525681212 0 0
 631.41575 103.656999077501 0 0
 634.75319194756 104.473546570772 0 0
 638.09055163248 105.43078610959 0 0
 641.42782161812 105.226921600404 0 0
 644.76499446784 103.741810785257 0 0
 648.102062745 101.988512479786 0 0
 651.43901901296 100.485735445951 0 0
 654.77585583508 99.7979975001049 0 0
 658.11256577472 100.562722221711 0 0
 661.44914139524 102.100055305219 0 0
 664.78557526 103.04177871797 0 0
 668.12185993236 103.17656136498 0 0
 671.45798797568 102.83309920324 0 0
 674.79395195332 102.058300263746 0 0
 678.12974442864 100.482825265271 0 0
 681.465357965 97.0236978347205 0 0
 684.80078512576 91.920556741631 0 0
 688.13601847428 88.1987783756354 0 0
 691.47105057392 87.9163240967011 0 0
 694.80587398804 89.5040357537439 0 0
 698.14048128 91.0122940932692 0 0
 701.47486501316 92.2081364057706 0 0
 704.80901775088 93.0636911498259 0 0
 708.14293205652 92.8899533406414 0 0
 711.47660049344 90.2000466710252 0 0
 714.810015625 84.9490701386074 0 0
 718.14317001456 79.4821680147214 0 0
 721.47605622548 76.1912195909467 0 0
 724.80866682112 75.3898260241191 0 0
 728.14099436484 76.8764625413656 0 0
 731.47303142 80.1890267683402 0 0
 734.80477054996 83.9081245934201 0 0
 738.13620431808 86.8875342308603 0 0
 741.46732528772 88.883933925924 0 0
 744.79812602224 89.8856968512324 0 0
 748.128599085 89.5563993619959 0 0
 751.45873703936 86.5239230460254 0 0
 754.78853244868 78.0198599424966 0 0
 758.11797787632 64.8756399111601 0 0
 761.44706588564 56.0138467333096 0 0
 764.77578904 58.5343792150607 0 0
 768.10413990276 68.0801942216698 0 0
 771.43211103728 76.5670633370265 0 0
 774.75969500692 81.3268618070936 0 0
 778.08688437504 83.3461119984825 0 0
 781.413671705 83.6414640994123 0 0
 784.74004956016 82.8794413173905 0 0
 788.06601050388 81.3951133230371 0 0
 791.39154709952 79.9691535607754 0 0
 794.71665191044 78.85058256896 0 0
 798.0413175 77.8691424632662 0 0
 801.36553643156 76.9586339432804 0 0
 804.68930126848 75.5161368521923 0 0
 808.01260457412 72.7459137726084 0 0
 811.33543891184 68.1228338347769 0 0
 814.657796845 63.2318800726275 0 0
 817.97967093696 60.365594221982 0 0
 821.30105375108 59.8232676286854 0 0
 824.62193785072 60.612862262696 0 0
 827.94231579924 61.9808383970333 0 0
 831.26218016 63.9156671555265 0 0
 834.58152349636 66.3285547622106 0 0
 837.90033837168 68.6016845355541 0 0
 841.21861734932 70.0027044808925 0 0
 844.53635299264 70.3924259112182 0 0
 847.853537865 69.8640128251565 0 0
 851.17016452976 68.7543895596142 0 0
 854.48622555028 68.286008921465 0 0
 857.80171348992 68.2145954186627 0 0
 861.11662091204 67.9353334654325 0 0
 864.43094038 66.9933432819585 0 0
 867.74466445716 66.3304144130909 0 0
 871.05778570688 65.7606632765624 0 0
 874.37029669252 65.3943874024277 0 0
 877.68218997744 64.7287167714359 0 0
 880.993458125 64.0731657973315 0 0
 884.30409369856 63.0598913974108 0 0
 887.61408926148 61.4683477568976 0 0
 890.92343737712 58.3445863023267 0 0
 894.23213060884 53.4684648278513 0 0
 897.54016152 48.6579399536694 0 0
 900.84752267396 45.9056577605695 0 0
 904.15420663408 44.4842904058866 0 0
 907.46020596372 43.0160322152576 0 0
 910.76551322624 41.3801786636724 0 0
 914.070120985 41.0273454960064 0 0
 917.37402180336 41.8859230879987 0 0
 920.67720824468 42.4113850730653 0 0
 923.97967287232 40.1690559877636 0 0
 927.28140824964 34.7074758484382 0 0
 930.58240694 26.9370929093293 0 0
 933.88266150676 20.6609328762261 0 0
 937.18216451328 17.7852736876412 0 0
 940.48090852292 17.3593399275797 0 0
 943.77888609904 17.3436221652004 0 0
 947.076089805 17.6757306165593 0 0
 950.37251220416 18.503639391042 0 0
 953.66814585988 19.6568842224677 0 0
 956.96298333552 0 0 0
 960.25701719444 0 0 0
 963.55024 0 0 0
 966.84264431556 0 0 0
 970.13422270448 0 0 0
 973.42496773012 0 0 0
 976.71487195584 0 0 0
 980.003927945 0 0 0
 983.29212826096 0 0 0
 986.57946546708 0 0 0
 989.86593212672 0 0 0
 993.15152080324 0 0 0
 996.43622406 0 0 0
 999.72003446036 0 0 0
 1003.00294456768 0 0 0
 1006.28494694532 0 0 0
 1009.56603415664 0 0 0
 1012.846198765 0 0 0
 1016.12543333376 0 0 0
 1019.40373042628 0 0 0
 1022.68108260592 0 0 0
 1025.95748243604 0 0 0
 1029.23292248 0 0 0
 1032.50739530116 0 0 0
 1035.78089346288 0 0 0
 1039.05340952852 0 0 0
 1042.32493606144 0 0 0
 1045.595465625 0 0 0
 1048.86499078256 0 0 0
 1052.13350409748 0 0 0
 1055.40099813312 0 0 0
 1058.66746545284 0 0 0
 1061.93289862 0 0 0
 1065.19729019796 0 0 0
 1068.46063275008 0 0 0
 1071.72291883972 0 0 0
 1074.98414103024 0 0 0
 1078.244291885 0 0 0
 1081.50336396736 0 0 0
 1084.76134984068 0 0 0
 1088.01824206832 0 0 0
 1091.27403321364 0 0 0
 1094.52871584 0 0 0
 1097.78228251076 0 0 0
 1101.03472578928 0 0 0
 1104.28603823892 0 0 0
 1107.53621242304 0 0 0
 1110.785240905 0 0 0
 1114.03311624816 0 0 0
 1117.27983101588 0 0 0
 1120.52537777152 0 0 0
 1123.76974907844 0 0 0
 1127.0129375 0 0 0
 1130.25493559956 0 0 0
 1133.49573594048 0 0 0
 1136.73533108612 0 0 0
 1139.97371359984 0 0 0
 1143.210876045 0 0 0
 1146.44681098496 0 0 0
[END] of [DATA]
[END] of [Spectrum]

