[Spectrum]
Version            = 1
IDData             = 2CAE_2016-03-07_13-05-52_936_292
IDDevice           = SAM_8175
IDDataType         = SPECTRUM
IDDataTypeSub1     = CALIBRATED
IDDataTypeSub2     = 
IDDataTypeSub3     = 
DateTime           = 2016-03-07 13:05:52
PositionLatitude   = 0
PositionLongitude  = 0
Comment            = 
CommentSub1        = 
CommentSub2        = 
CommentSub3        = 
IDMethodType       = SAM Control
MethodName         = SAM_8175
Mission            = 
MissionSub         = 1
RecordType         = 0

[Attributes]
CalFactor = 1
IDBasisSpec = 
IDDataBack = 2004-03-29_14-59-06_000_254
IDDataCal = 2004-09-29_03-00-00
IntegrationTime = 128
P31 = -1
P31e = 0
PathLength = +INF
RAWDynamic = 65535
Temperature = +NAN
Unit1 = $01 $01 Wavelength nm
Unit2 = $03 $06 Intensity mW/(m^2 nm)
Unit3 = $f0 $06 Error mW/(m^2 nm)
Unit4 = $f1 $00 Status 
[END] of [Attributes]
[DATA]
 0 6 0 0
 305.14988776048 0 0 0
 308.45931630612 0 0 0
 311.76939137984 0 0 0
 315.080105545 0 0 0
 318.39145136496 0 0 0
 321.70342140308 0 0 0
 325.01600822272 26.691991005917 0 0
 328.32920438724 32.0669444977366 0 0
 331.64300246 35.3536639864589 0 0
 334.95739500436 37.2676799818702 0 0
 338.27237458368 39.5826982593095 0 0
 341.58793376132 41.3537591481364 0 0
 344.90406510064 43.2014005833218 0 0
 348.220761165 45.2836625554146 0 0
 351.53801451776 47.6147775167137 0 0
 354.85581772228 48.4524456698361 0 0
 358.17416334192 48.8284075778815 0 0
 361.49304394004 51.8906731560213 0 0
 364.81245208 57.5000925524338 0 0
 368.13238032516 61.0171381506069 0 0
 371.45282123888 60.9756892336617 0 0
 374.77376738452 61.1677902399503 0 0
 378.09521132544 61.4901325260466 0 0
 381.417145625 59.2429161382892 0 0
 384.73956284656 57.7722312645432 0 0
 388.06245555348 60.1864965413383 0 0
 391.38581630912 62.3480773809215 0 0
 394.70963767684 66.1351255685154 0 0
 398.03391222 78.2162158756184 0 0
 401.35863250196 92.3021350958631 0 0
 404.68379108608 99.325966182468 0 0
 408.00938053572 102.008487005917 0 0
 411.33539341424 105.189307649171 0 0
 414.661822285 107.72164007494 0 0
 417.98865971136 108.271331412895 0 0
 421.31589825668 107.638765246796 0 0
 424.64353048432 105.303073922799 0 0
 427.97154895764 101.635771568344 0 0
 431.29994624 102.313678535417 0 0
 434.62871489476 107.802675542442 0 0
 437.95784748528 113.62138197537 0 0
 441.28733657492 118.729250349724 0 0
 444.61717472704 124.25953020982 0 0
 447.947354505 128.989399757762 0 0
 451.27786847216 132.112319547654 0 0
 454.60870919188 133.515882703151 0 0
 457.93986922752 134.383690360791 0 0
 461.27134114244 134.890406943294 0 0
 464.6031175 134.117036530702 0 0
 467.93519086356 132.884204842774 0 0
 471.26755379648 132.586587205222 0 0
 474.60019886212 133.049223720218 0 0
 477.93311862384 133.729200452531 0 0
 481.266305645 132.611866258144 0 0
 484.59975248896 129.628199539767 0 0
 487.93345171908 127.812448604218 0 0
 491.26739589872 128.715975609985 0 0
 494.60157759124 129.574508441432 0 0
 497.93598936 128.582007238448 0 0
 501.27062376836 127.150816569032 0 0
 504.60547337968 127.132083346244 0 0
 507.94053075732 127.55120889176 0 0
 511.27578846464 126.444406224749 0 0
 514.611239065 123.511906602986 0 0
 517.94687512176 121.816950984962 0 0
 521.28268919828 122.420680668756 0 0
 524.61867385792 123.660813298213 0 0
 527.95482166404 124.52465468908 0 0
 531.29112518 125.252854560464 0 0
 534.62757696916 125.197371943784 0 0
 537.96416959488 124.489422778373 0 0
 541.30089562052 123.824676130121 0 0
 544.63774760944 123.751197184413 0 0
 547.974718125 123.913627949055 0 0
 551.31179973056 123.728084062839 0 0
 554.64898498948 122.764968038536 0 0
 557.98626646512 121.364945215057 0 0
 561.32363672084 120.077477595392 0 0
 564.66108832 118.677400845985 0 0
 567.99861382596 117.152895162821 0 0
 571.33620580208 115.827639854516 0 0
 574.67385681172 115.167108283084 0 0
 578.01155941824 115.396728927124 0 0
 581.349306185 115.891627337969 0 0
 584.68708967536 115.076447304767 0 0
 588.02490245268 113.523093293592 0 0
 591.36273708032 112.473031043659 0 0
 594.70058612164 112.182636825747 0 0
 598.03844214 112.314148448125 0 0
 601.37629769876 112.775935222009 0 0
 604.71414536128 113.064877562539 0 0
 608.05197769092 112.83040025558 0 0
 611.38978725104 112.124658209287 0 0
 614.727566605 111.258843684669 0 0
 618.06530831616 110.541657541583 0 0
 621.40300494788 109.586160925985 0 0
 624.74064906352 107.94353124683 0 0
 628.07823322644 106.204156858221 0 0
 631.41575 105.67308222564 0 0
 634.75319194756 106.528816122772 0 0
 638.09055163248 107.514916800813 0 0
 641.42782161812 107.256686545841 0 0
 644.76499446784 105.780747230482 0 0
 648.102062745 104.045644657474 0 0
 651.43901901296 102.435781478425 0 0
 654.77585583508 101.765508709326 0 0
 658.11256577472 102.507838617735 0 0
 661.44914139524 104.124245735429 0 0
 664.78557526 105.058136033392 0 0
 668.12185993236 105.188605817729 0 0
 671.45798797568 104.834909010175 0 0
 674.79395195332 104.027115139723 0 0
 678.12974442864 102.447095474405 0 0
 681.465357965 98.8996804733019 0 0
 684.80078512576 93.6748117067119 0 0
 688.13601847428 89.9139463279825 0 0
 691.47105057392 89.6195607465753 0 0
 694.80587398804 91.2183189603986 0 0
 698.14048128 92.7903544488471 0 0
 701.47486501316 94.0064665658479 0 0
 704.80901775088 94.8501392603189 0 0
 708.14293205652 94.6887911777954 0 0
 711.47660049344 91.9606468528929 0 0
 714.810015625 86.5759784490039 0 0
 718.14317001456 81.0373195837043 0 0
 721.47605622548 77.6845567109236 0 0
 724.80866682112 76.8527741927952 0 0
 728.14099436484 78.3924003839082 0 0
 731.47303142 81.7616335754072 0 0
 734.80477054996 85.559136025004 0 0
 738.13620431808 88.6010789362488 0 0
 741.46732528772 90.6452084913694 0 0
 744.79812602224 91.6595035717757 0 0
 748.128599085 91.2749875778259 0 0
 751.45873703936 88.254397905983 0 0
 754.78853244868 79.5835960584348 0 0
 758.11797787632 66.1827894486745 0 0
 761.44706588564 57.1224776537559 0 0
 764.77578904 59.6813833140621 0 0
 768.10413990276 69.4354051990094 0 0
 771.43211103728 78.0508459411721 0 0
 774.75969500692 82.9720389719176 0 0
 778.08688437504 84.9837202976606 0 0
 781.413671705 85.2848117765234 0 0
 784.74004956016 84.4826932042964 0 0
 788.06601050388 83.0180065163602 0 0
 791.39154709952 81.5317201218807 0 0
 794.71665191044 80.3647792954028 0 0
 798.0413175 79.465778343688 0 0
 801.36553643156 78.4800063370864 0 0
 804.68930126848 77.0435463228952 0 0
 808.01260457412 74.1481959814009 0 0
 811.33543891184 69.4335724974824 0 0
 814.657796845 64.5316848388082 0 0
 817.97967093696 61.5383195209051 0 0
 821.30105375108 60.9958590603443 0 0
 824.62193785072 61.7840083777685 0 0
 827.94231579924 63.2151009805513 0 0
 831.26218016 65.1755705413914 0 0
 834.58152349636 67.6751617799839 0 0
 837.90033837168 69.9153204459393 0 0
 841.21861734932 71.4257820505316 0 0
 844.53635299264 71.856413110752 0 0
 847.853537865 71.2255667492032 0 0
 851.17016452976 70.2019915511179 0 0
 854.48622555028 69.6576338740931 0 0
 857.80171348992 69.7013927382702 0 0
 861.11662091204 69.3315762309098 0 0
 864.43094038 68.3610367833523 0 0
 867.74466445716 67.6277144628629 0 0
 871.05778570688 67.1894702178098 0 0
 874.37029669252 66.7227216237665 0 0
 877.68218997744 66.0909744808819 0 0
 880.993458125 65.3745995029387 0 0
 884.30409369856 64.4471338518482 0 0
 887.61408926148 62.8032896887186 0 0
 890.92343737712 59.5122177354699 0 0
 894.23213060884 54.4704128666504 0 0
 897.54016152 49.6195341978575 0 0
 900.84752267396 46.8843971906492 0 0
 904.15420663408 45.5654676111791 0 0
 907.46020596372 43.9158006702882 0 0
 910.76551322624 42.2680016547221 0 0
 914.070120985 41.8046025865059 0 0
 917.37402180336 42.5432162079239 0 0
 920.67720824468 43.1443710267917 0 0
 923.97967287232 41.2254138681867 0 0
 927.28140824964 35.4117706961231 0 0
 930.58240694 27.4088819631209 0 0
 933.88266150676 20.8199207583109 0 0
 937.18216451328 18.1096206603721 0 0
 940.48090852292 17.5009947287258 0 0
 943.77888609904 17.5976868080857 0 0
 947.076089805 18.0176642629547 0 0
 950.37251220416 18.8631871496071 0 0
 953.66814585988 20.196640872563 0 0
 956.96298333552 0 0 0
 960.25701719444 0 0 0
 963.55024 0 0 0
 966.84264431556 0 0 0
 970.13422270448 0 0 0
 973.42496773012 0 0 0
 976.71487195584 0 0 0
 980.003927945 0 0 0
 983.29212826096 0 0 0
 986.57946546708 0 0 0
 989.86593212672 0 0 0
 993.15152080324 0 0 0
 996.43622406 0 0 0
 999.72003446036 0 0 0
 1003.00294456768 0 0 0
 1006.28494694532 0 0 0
 1009.56603415664 0 0 0
 1012.846198765 0 0 0
 1016.12543333376 0 0 0
 1019.40373042628 0 0 0
 1022.68108260592 0 0 0
 1025.95748243604 0 0 0
 1029.23292248 0 0 0
 1032.50739530116 0 0 0
 1035.78089346288 0 0 0
 1039.05340952852 0 0 0
 1042.32493606144 0 0 0
 1045.595465625 0 0 0
 1048.86499078256 0 0 0
 1052.13350409748 0 0 0
 1055.40099813312 0 0 0
 1058.66746545284 0 0 0
 1061.93289862 0 0 0
 1065.19729019796 0 0 0
 1068.46063275008 0 0 0
 1071.72291883972 0 0 0
 1074.98414103024 0 0 0
 1078.244291885 0 0 0
 1081.50336396736 0 0 0
 1084.76134984068 0 0 0
 1088.01824206832 0 0 0
 1091.27403321364 0 0 0
 1094.52871584 0 0 0
 1097.78228251076 0 0 0
 1101.03472578928 0 0 0
 1104.28603823892 0 0 0
 1107.53621242304 0 0 0
 1110.785240905 0 0 0
 1114.03311624816 0 0 0
 1117.27983101588 0 0 0
 1120.52537777152 0 0 0
 1123.76974907844 0 0 0
 1127.0129375 0 0 0
 1130.25493559956 0 0 0
 1133.49573594048 0 0 0
 1136.73533108612 0 0 0
 1139.97371359984 0 0 0
 1143.210876045 0 0 0
 1146.44681098496 0 0 0
[END] of [DATA]
[END] of [Spectrum]

