[Spectrum]
Version            = 1
IDData             = 2CAE_2016-03-07_13-02-33_832_265
IDDevice           = SAM_8078
IDDataType         = SPECTRUM
IDDataTypeSub1     = CALIBRATED
IDDataTypeSub2     = 
IDDataTypeSub3     = 
DateTime           = 2016-03-07 13:02:33
PositionLatitude   = 0
PositionLongitude  = 0
Comment            = 
CommentSub1        = 
CommentSub2        = 
CommentSub3        = 
IDMethodType       = SAM Control
MethodName         = SAM_8078
Mission            = 
MissionSub         = 1
RecordType         = 0

[Attributes]
CalFactor = 1
IDBasisSpec = 
IDDataBack = 4376_2005-06-03_08-51-10_580_728
IDDataCal = 4376_2005-06-03_08-59-08_037_775
IntegrationTime = 4096
P31 = -1
P31e = 0
PathLength = +INF
RAWDynamic = 65535
Temperature = +NAN
Unit1 = $01 $01 Wavelength nm
Unit2 = $03 $06 Intensity mW/(m^2 nm)
Unit3 = $f0 $06 Error mW/(m^2 nm)
Unit4 = $f1 $00 Status 
[END] of [Attributes]
[DATA]
 0 11 0 0
 308.712820524931 +NAN 0 0
 311.996363561261 +NAN 0 0
 315.280411366537 +NAN 0 0
 318.564953380537 0.0314519275543973 0 0
 321.849979043037 0.0447805247923119 0 0
 325.135477793817 0.0429260556142368 0 0
 328.421439072653 0.0506472181429438 0 0
 331.707852319322 0.0562206624381518 0 0
 334.994706973602 0.0586286032094659 0 0
 338.281992475271 0.0710859385480666 0 0
 341.569698264106 0.0782608463922492 0 0
 344.857813779884 0.0818697207423049 0 0
 348.146328462383 0.0916160792417686 0 0
 351.43523175138 0.104392415023265 0 0
 354.724513086654 0.110147526130144 0 0
 358.014161907981 0.117438736857753 0 0
 361.304167655138 0.131690324374913 0 0
 364.594519767904 0.156508263081637 0 0
 367.885207686056 0.176788113118133 0 0
 371.176220849371 0.182532733020252 0 0
 374.467548697627 0.194169650565197 0 0
 377.7591806706 0.205351702754608 0 0
 381.05110620807 0.211382186175901 0 0
 384.343314749813 0.215247214597498 0 0
 387.635795735606 0.23463772505131 0 0
 390.928538605227 0.252506267656901 0 0
 394.221532798454 0.2783694300081 0 0
 397.514767755064 0.34107162043698 0 0
 400.808232914834 0.416219456019131 0 0
 404.101917717542 0.466992252297398 0 0
 407.395811602966 0.495625194711013 0 0
 410.689904010883 0.525188731346782 0 0
 413.98418438107 0.558654649007487 0 0
 417.278642153305 0.581458866025139 0 0
 420.573266767365 0.597784758614281 0 0
 423.868047663028 0.606641339710755 0 0
 427.162974280071 0.605149051672011 0 0
 430.458036058272 0.620202018148035 0 0
 433.753222437408 0.666738560634635 0 0
 437.048522857257 0.723660155606648 0 0
 440.343926757596 0.776327212332066 0 0
 443.639423578202 0.835230957910681 0 0
 446.935002758854 0.891520322016258 0 0
 450.230653739329 0.938221407238393 0 0
 453.526365959403 0.975981535536988 0 0
 456.822128858855 1.00613432160543 0 0
 460.117931877461 1.03492543486613 0 0
 463.413764455001 1.05668806274858 0 0
 466.70961603125 1.0728300321387 0 0
 470.005476045987 1.09019722467786 0 0
 473.301333938988 1.11805733973659 0 0
 476.597179150032 1.14871581401174 0 0
 479.893001118896 1.17104453228118 0 0
 483.188789285357 1.17167439839269 0 0
 486.484533089192 1.17236336057097 0 0
 489.78022197018 1.19162469991732 0 0
 493.075845368098 1.22279409368326 0 0
 496.371392722723 1.23682905552388 0 0
 499.666853473832 1.23611439981743 0 0
 502.962217061204 1.24538596843544 0 0
 506.257472924615 1.26155296885463 0 0
 509.552610503843 1.26876422248145 0 0
 512.847619238666 1.25199447669648 0 0
 516.14248856886 1.2342287736729 0 0
 519.437207934205 1.24139580627307 0 0
 522.731766774476 1.26675138695281 0 0
 526.026154529452 1.28771381857318 0 0
 529.320360638909 1.30501562178749 0 0
 532.614374542626 1.31753336789423 0 0
 535.90818568038 1.31992407839145 0 0
 539.201783491948 1.3177484902135 0 0
 542.495157417108 1.31816135736011 0 0
 545.788296895637 1.31948720725275 0 0
 549.081191367312 1.31931607268781 0 0
 552.373830271912 1.31555911735142 0 0
 555.666203049214 1.30400838206603 0 0
 558.958299138995 1.28817005815882 0 0
 562.250107981032 1.27350563536373 0 0
 565.541619015104 1.25632238236406 0 0
 568.832821680987 1.23328961337271 0 0
 572.123705418459 1.20670619083775 0 0
 575.414259667298 1.18335680519634 0 0
 578.70447386728 1.16434023165116 0 0
 581.994337458184 1.1422614992791 0 0
 585.283839879787 1.10318572356712 0 0
 588.572970571867 1.04416207197927 0 0
 591.8617189742 0.988726457012293 0 0
 595.150074526565 0.946808378850908 0 0
 598.438026668738 0.906071090775412 0 0
 601.725564840498 0.872194124911476 0 0
 605.012678481621 0.846542057342314 0 0
 608.299357031886 0.825121587311587 0 0
 611.585589931069 0.805303367478963 0 0
 614.871366618949 0.792319172706671 0 0
 618.156676535302 0.777725523184453 0 0
 621.441509119906 0.761896428350756 0 0
 624.725853812539 0.741826548855813 0 0
 628.009700052978 0.722582094425766 0 0
 631.293037281 0.713944293561855 0 0
 634.575854936383 0.714218570715367 0 0
 637.858142458905 0.714520194233116 0 0
 641.139889288343 0.711213735241144 0 0
 644.421084864474 0.695368366833307 0 0
 647.701718627077 0.679736780585007 0 0
 650.981780015927 0.661969084934419 0 0
 654.261258470803 0.642665841599547 0 0
 657.540143431483 0.635295327356555 0 0
 660.818424337743 0.636035806847741 0 0
 664.096090629362 0.637841537088203 0 0
 667.373131746116 0.637505092550856 0 0
 670.649537127784 0.637439708688039 0 0
 673.925296214142 0.640545619207373 0 0
 677.200398444969 0.640061797101342 0 0
 680.47483326004 0.628785830215256 0 0
 683.748590099136 0.596339128145548 0 0
 687.021658402031 0.552407538998114 0 0
 690.294027608505 0.522785787944571 0 0
 693.565687158334 0.516316769118134 0 0
 696.836626491296 0.505267821160434 0 0
 700.106835047168 0.491633915711462 0 0
 703.376302265729 0.474303572628941 0 0
 706.645017586755 0.454712169597729 0 0
 709.912970450024 0.42553411076933 0 0
 713.180150295313 0.384592072775345 0 0
 716.446546562399 0.327582484619653 0 0
 719.712148691061 0.278884782588827 0 0
 722.976946121076 0.244873766190283 0 0
 726.240928292221 0.214552466717404 0 0
 729.504084644274 0.187565485145693 0 0
 732.766404617012 0.165523638201034 0 0
 736.027877650212 0.149116088493742 0 0
 739.288493183653 0.135925726242143 0 0
 742.548240657111 0.130025504967652 0 0
 745.807109510364 0.125555004850602 0 0
 749.06508918319 0.122556084938687 0 0
 752.322169115366 0.11722106334849 0 0
 755.578338746669 0.101199983425834 0 0
 758.833587516878 0.0788821349056079 0 0
 762.087904865768 0.0657626198737805 0 0
 765.341280233118 0.0698375583938518 0 0
 768.593703058706 0.0838597014254817 0 0
 771.845162782309 0.092971468501525 0 0
 775.095648843704 0.0992026491629854 0 0
 778.345150682669 0.0994991643730594 0 0
 781.59365773898 0.104189255807298 0 0
 784.841159452417 0.109450301097985 0 0
 788.087645262756 0.108728611696633 0 0
 791.333104609774 0.107928162381137 0 0
 794.57752693325 0.114305859405434 0 0
 797.82090167296 0.116457921383382 0 0
 801.063218268682 0.120420908976608 0 0
 804.304466160194 0.123908269760127 0 0
 807.544634787273 0.119998229044105 0 0
 810.783713589696 0.116906378787157 0 0
 814.021692007242 0.10209070945517 0 0
 817.258559479686 0.0966100232269581 0 0
 820.494305446808 0.0954190467098175 0 0
 823.728919348384 0.0862565590118781 0 0
 826.962390624192 0.0798876875832694 0 0
 830.194708714009 0.0664211312494972 0 0
 833.425863057613 0.0589537350574969 0 0
 836.655843094781 0.0577504518095854 0 0
 839.884638265291 0.0558593209854795 0 0
 843.11223800892 0.0432936549844476 0 0
 846.338631765446 0.0429207097924827 0 0
 849.563808974646 0.0374596642278182 0 0
 852.787759076298 0.0342131707021527 0 0
 856.010471510179 0.0331107428688355 0 0
 859.231935716066 0.0350933592694918 0 0
 862.452141133737 0.0332422921688472 0 0
 865.67107720297 0.0241811812488571 0 0
 868.888733363542 0.0266664521655522 0 0
 872.10509905523 0.0217606740662971 0 0
 875.320163717812 0.0224688899528818 0 0
 878.533916791066 0.0220850989976535 0 0
 881.746347714769 0.0209517106159706 0 0
 884.957445928697 0.0237468386084266 0 0
 888.16720087263 0.0111797269486962 0 0
 891.375601986344 0.0163570533238361 0 0
 894.582638709617 0.0168323209081811 0 0
 897.788300482226 0.0218370372439643 0 0
 900.992576743948 0.0165452722429726 0 0
 904.195456934562 0.0226720126242526 0 0
 907.396930493844 0.0190247787968375 0 0
 910.596986861573 0.0076161222723226 0 0
 913.795615477525 0.00718266363648908 0 0
 916.992805781479 0.0151801075209707 0 0
 920.18854721321 0.00889704340052786 0 0
 923.382829212498 0.0272118291724709 0 0
 926.575641219119 0.044478287475841 0 0
 929.766972672851 0.036310138349492 0 0
 932.956813013472 0.0571306371770383 0 0
 936.145151680759 0.0522342679596466 0 0
 939.331978114489 0.0541767867238534 0 0
 942.517281754439 0.0604980367735959 0 0
 945.701052040388 0.0820100903239121 0 0
 948.883278412113 0.0748965516679232 0 0
 952.063950309391 0.102654458043635 0 0
 955.243057172 +NAN 0 0
 958.420588439717 +NAN 0 0
 961.59653355232 +NAN 0 0
 964.770881949585 +NAN 0 0
 967.943623071292 +NAN 0 0
 971.114746357217 +NAN 0 0
 974.284241247136 +NAN 0 0
 977.45209718083 +NAN 0 0
 980.618303598073 +NAN 0 0
 983.782849938645 +NAN 0 0
 986.945725642322 +NAN 0 0
 990.106920148882 +NAN 0 0
 993.266422898102 +NAN 0 0
 996.42422332976 +NAN 0 0
 999.580310883634 +NAN 0 0
 1002.7346749995 +NAN 0 0
 1005.88730511714 +NAN 0 0
 1009.03819067632 +NAN 0 0
 1012.18732111683 +NAN 0 0
 1015.33468587844 +NAN 0 0
 1018.48027440094 +NAN 0 0
 1021.62407612409 +NAN 0 0
 1024.76608048767 +NAN 0 0
 1027.90627693147 +NAN 0 0
 1031.04465489526 +NAN 0 0
 1034.18120381881 +NAN 0 0
 1037.31591314191 +NAN 0 0
 1040.44877230434 +NAN 0 0
 1043.57977074586 +NAN 0 0
 1046.70889790626 +NAN 0 0
 1049.83614322531 +NAN 0 0
 1052.9614961428 +NAN 0 0
 1056.0849460985 +NAN 0 0
 1059.20648253218 +NAN 0 0
 1062.32609488363 +NAN 0 0
 1065.44377259262 +NAN 0 0
 1068.55950509894 +NAN 0 0
 1071.67328184234 +NAN 0 0
 1074.78509226263 +NAN 0 0
 1077.89492579956 +NAN 0 0
 1081.00277189293 +NAN 0 0
 1084.1086199825 +NAN 0 0
 1087.21245950806 +NAN 0 0
 1090.31427990938 +NAN 0 0
 1093.41407062623 +NAN 0 0
 1096.51182109841 +NAN 0 0
 1099.60752076568 +NAN 0 0
 1102.70115906782 +NAN 0 0
 1105.79272544461 +NAN 0 0
 1108.88220933583 +NAN 0 0
 1111.96960018125 +NAN 0 0
 1115.05488742065 +NAN 0 0
 1118.13806049382 +NAN 0 0
 1121.21910884052 +NAN 0 0
 1124.29802190053 +NAN 0 0
 1127.37478911364 +NAN 0 0
 1130.44939991961 +NAN 0 0
[END] of [DATA]
[END] of [Spectrum]

