[Spectrum]
Version            = 1
IDData             = 2CAE_2016-03-07_13-08-01_619_352
IDDevice           = SAM_8175
IDDataType         = SPECTRUM
IDDataTypeSub1     = CALIBRATED
IDDataTypeSub2     = 
IDDataTypeSub3     = 
DateTime           = 2016-03-07 13:08:01
PositionLatitude   = 0
PositionLongitude  = 0
Comment            = 
CommentSub1        = 
CommentSub2        = 
CommentSub3        = 
IDMethodType       = SAM Control
MethodName         = SAM_8175
Mission            = 
MissionSub         = 1
RecordType         = 0

[Attributes]
CalFactor = 1
IDBasisSpec = 
IDDataBack = 2004-03-29_14-59-06_000_254
IDDataCal = 2004-09-29_03-00-00
IntegrationTime = 128
P31 = -1
P31e = 0
PathLength = +INF
RAWDynamic = 65535
Temperature = +NAN
Unit1 = $01 $01 Wavelength nm
Unit2 = $03 $06 Intensity mW/(m^2 nm)
Unit3 = $f0 $06 Error mW/(m^2 nm)
Unit4 = $f1 $00 Status 
[END] of [Attributes]
[DATA]
 0 6 0 0
 305.14988776048 0 0 0
 308.45931630612 0 0 0
 311.76939137984 0 0 0
 315.080105545 0 0 0
 318.39145136496 0 0 0
 321.70342140308 0 0 0
 325.01600822272 27.3622318734835 0 0
 328.32920438724 32.8860246190507 0 0
 331.64300246 36.2321663918127 0 0
 334.95739500436 38.2752892139607 0 0
 338.27237458368 40.6252820031914 0 0
 341.58793376132 42.4642999551 0 0
 344.90406510064 44.4323311281154 0 0
 348.220761165 46.5400034741215 0 0
 351.53801451776 48.9951814239963 0 0
 354.85581772228 49.8685115333527 0 0
 358.17416334192 50.3048892546552 0 0
 361.49304394004 53.5045680577126 0 0
 364.81245208 59.2524339824371 0 0
 368.13238032516 62.8945688904412 0 0
 371.45282123888 62.85076225701 0 0
 374.77376738452 63.0544762914758 0 0
 378.09521132544 63.4194058148828 0 0
 381.417145625 61.1148924105831 0 0
 384.73956284656 59.6806783930342 0 0
 388.06245555348 62.1683774143642 0 0
 391.38581630912 64.3789447593592 0 0
 394.70963767684 68.3233389956239 0 0
 398.03391222 80.91013229733 0 0
 401.35863250196 95.4766858774268 0 0
 404.68379108608 102.765135927383 0 0
 408.00938053572 105.601156660046 0 0
 411.33539341424 108.935411848647 0 0
 414.661822285 111.572493724627 0 0
 417.98865971136 112.217186120931 0 0
 421.31589825668 111.575499275302 0 0
 424.64353048432 109.153433106052 0 0
 427.97154895764 105.436283731923 0 0
 431.29994624 106.11799479474 0 0
 434.62871489476 111.836903530437 0 0
 437.95784748528 117.874362207715 0 0
 441.28733657492 123.21231181671 0 0
 444.61717472704 128.961102003644 0 0
 447.947354505 133.884270304272 0 0
 451.27786847216 137.153028202684 0 0
 454.60870919188 138.614836102019 0 0
 457.93986922752 139.514344662965 0 0
 461.27134114244 140.051839683324 0 0
 464.6031175 139.332220215767 0 0
 467.93519086356 137.984961642252 0 0
 471.26755379648 137.753527956005 0 0
 474.60019886212 138.248445981164 0 0
 477.93311862384 138.94734795997 0 0
 481.266305645 137.780825993069 0 0
 484.59975248896 134.725506210418 0 0
 487.93345171908 132.851474574626 0 0
 491.26739589872 133.858404106858 0 0
 494.60157759124 134.739623768566 0 0
 497.93598936 133.729840677329 0 0
 501.27062376836 132.267521253428 0 0
 504.60547337968 132.232045330467 0 0
 507.94053075732 132.697295861137 0 0
 511.27578846464 131.525545399453 0 0
 514.611239065 128.528240446329 0 0
 517.94687512176 126.750407830378 0 0
 521.28268919828 127.428738882433 0 0
 524.61867385792 128.663197973155 0 0
 527.95482166404 129.646218277144 0 0
 531.29112518 130.371873323611 0 0
 534.62757696916 130.353945313712 0 0
 537.96416959488 129.617240697298 0 0
 541.30089562052 128.944465989128 0 0
 544.63774760944 128.884043113345 0 0
 547.974718125 129.069517458321 0 0
 551.31179973056 128.847313094873 0 0
 554.64898498948 127.873845051748 0 0
 557.98626646512 126.463354952055 0 0
 561.32363672084 125.091438127797 0 0
 564.66108832 123.668132612701 0 0
 567.99861382596 122.077467822206 0 0
 571.33620580208 120.726171294414 0 0
 574.67385681172 120.046354672091 0 0
 578.01155941824 120.283100413842 0 0
 581.349306185 120.808503855852 0 0
 584.68708967536 120.00392898512 0 0
 588.02490245268 118.392248432565 0 0
 591.36273708032 117.268132910723 0 0
 594.70058612164 116.95823571367 0 0
 598.03844214 117.176434601158 0 0
 601.37629769876 117.609787621865 0 0
 604.71414536128 117.871523745085 0 0
 608.05197769092 117.664816295378 0 0
 611.38978725104 116.978046784781 0 0
 614.727566605 116.067361975569 0 0
 618.06530831616 115.306410040283 0 0
 621.40300494788 114.310065645933 0 0
 624.74064906352 112.622202501476 0 0
 628.07823322644 110.836241337878 0 0
 631.41575 110.267301665681 0 0
 634.75319194756 111.195461892271 0 0
 638.09055163248 112.148018417048 0 0
 641.42782161812 111.972127781937 0 0
 644.76499446784 110.393383092794 0 0
 648.102062745 108.598929744781 0 0
 651.43901901296 106.914473786653 0 0
 654.77585583508 106.202948752757 0 0
 658.11256577472 107.008558299019 0 0
 661.44914139524 108.707664343957 0 0
 664.78557526 109.676987108916 0 0
 668.12185993236 109.779688224029 0 0
 671.45798797568 109.42058774594 0 0
 674.79395195332 108.63588220444 0 0
 678.12974442864 107.001505109142 0 0
 681.465357965 103.264066470754 0 0
 684.80078512576 97.8410745553011 0 0
 688.13601847428 93.9492397418099 0 0
 691.47105057392 93.6482885196471 0 0
 694.80587398804 95.301512050103 0 0
 698.14048128 96.9199052760905 0 0
 701.47486501316 98.1893589384645 0 0
 704.80901775088 99.1012911965879 0 0
 708.14293205652 98.8819287472489 0 0
 711.47660049344 96.0585998401276 0 0
 714.810015625 90.462246007821 0 0
 718.14317001456 84.7024783161548 0 0
 721.47605622548 81.2088931527909 0 0
 724.80866682112 80.3560892083513 0 0
 728.14099436484 81.9691356452219 0 0
 731.47303142 85.4904868456419 0 0
 734.80477054996 89.42161883711 0 0
 738.13620431808 92.5250603650318 0 0
 741.46732528772 94.6740782740129 0 0
 744.79812602224 95.7229821491005 0 0
 748.128599085 95.3222876992536 0 0
 751.45873703936 92.1654918361508 0 0
 754.78853244868 83.0719304709124 0 0
 758.11797787632 69.1267554349268 0 0
 761.44706588564 59.6829402711131 0 0
 764.77578904 62.3679508096747 0 0
 768.10413990276 72.5538943801575 0 0
 771.43211103728 81.5585585814584 0 0
 774.75969500692 86.6878881793985 0 0
 778.08688437504 88.7882397301971 0 0
 781.413671705 89.0785166210854 0 0
 784.74004956016 88.2263214302033 0 0
 788.06601050388 86.7306525887569 0 0
 791.39154709952 85.2244637359551 0 0
 794.71665191044 84.0380572618944 0 0
 798.0413175 83.0364661867291 0 0
 801.36553643156 82.0304296414618 0 0
 804.68930126848 80.5130639970305 0 0
 808.01260457412 77.571921248188 0 0
 811.33543891184 72.6379559250732 0 0
 814.657796845 67.4542301777254 0 0
 817.97967093696 64.3699019415305 0 0
 821.30105375108 63.8370004995145 0 0
 824.62193785072 64.7089471304053 0 0
 827.94231579924 66.1288876160265 0 0
 831.26218016 68.2191445089714 0 0
 834.58152349636 70.7824885763854 0 0
 837.90033837168 73.1134456921359 0 0
 841.21861734932 74.6903409275794 0 0
 844.53635299264 75.1096458632415 0 0
 847.853537865 74.4635142615635 0 0
 851.17016452976 73.3913789800537 0 0
 854.48622555028 72.8801431907089 0 0
 857.80171348992 72.7899124012176 0 0
 861.11662091204 72.4431817119923 0 0
 864.43094038 71.4247620693508 0 0
 867.74466445716 70.6463255951078 0 0
 871.05778570688 70.2502668121097 0 0
 874.37029669252 69.8334419294989 0 0
 877.68218997744 69.0654856803225 0 0
 880.993458125 68.3523017095315 0 0
 884.30409369856 67.3553174525039 0 0
 887.61408926148 65.5588856911566 0 0
 890.92343737712 62.2134546330402 0 0
 894.23213060884 56.9885925815918 0 0
 897.54016152 51.9178440312047 0 0
 900.84752267396 49.0040408682483 0 0
 904.15420663408 47.7457420859402 0 0
 907.46020596372 45.8903270316039 0 0
 910.76551322624 44.202141436385 0 0
 914.070120985 43.9330294900939 0 0
 917.37402180336 44.6290449035004 0 0
 920.67720824468 45.3318084800536 0 0
 923.97967287232 43.2798581193631 0 0
 927.28140824964 37.2336498955188 0 0
 930.58240694 28.7823838842275 0 0
 933.88266150676 22.0365964454228 0 0
 937.18216451328 19.1001938473611 0 0
 940.48090852292 18.4741816093273 0 0
 943.77888609904 18.6236425034007 0 0
 947.076089805 18.7690992822785 0 0
 950.37251220416 19.885852929957 0 0
 953.66814585988 20.9848210854638 0 0
 956.96298333552 0 0 0
 960.25701719444 0 0 0
 963.55024 0 0 0
 966.84264431556 0 0 0
 970.13422270448 0 0 0
 973.42496773012 0 0 0
 976.71487195584 0 0 0
 980.003927945 0 0 0
 983.29212826096 0 0 0
 986.57946546708 0 0 0
 989.86593212672 0 0 0
 993.15152080324 0 0 0
 996.43622406 0 0 0
 999.72003446036 0 0 0
 1003.00294456768 0 0 0
 1006.28494694532 0 0 0
 1009.56603415664 0 0 0
 1012.846198765 0 0 0
 1016.12543333376 0 0 0
 1019.40373042628 0 0 0
 1022.68108260592 0 0 0
 1025.95748243604 0 0 0
 1029.23292248 0 0 0
 1032.50739530116 0 0 0
 1035.78089346288 0 0 0
 1039.05340952852 0 0 0
 1042.32493606144 0 0 0
 1045.595465625 0 0 0
 1048.86499078256 0 0 0
 1052.13350409748 0 0 0
 1055.40099813312 0 0 0
 1058.66746545284 0 0 0
 1061.93289862 0 0 0
 1065.19729019796 0 0 0
 1068.46063275008 0 0 0
 1071.72291883972 0 0 0
 1074.98414103024 0 0 0
 1078.244291885 0 0 0
 1081.50336396736 0 0 0
 1084.76134984068 0 0 0
 1088.01824206832 0 0 0
 1091.27403321364 0 0 0
 1094.52871584 0 0 0
 1097.78228251076 0 0 0
 1101.03472578928 0 0 0
 1104.28603823892 0 0 0
 1107.53621242304 0 0 0
 1110.785240905 0 0 0
 1114.03311624816 0 0 0
 1117.27983101588 0 0 0
 1120.52537777152 0 0 0
 1123.76974907844 0 0 0
 1127.0129375 0 0 0
 1130.25493559956 0 0 0
 1133.49573594048 0 0 0
 1136.73533108612 0 0 0
 1139.97371359984 0 0 0
 1143.210876045 0 0 0
 1146.44681098496 0 0 0
[END] of [DATA]
[END] of [Spectrum]

