[Spectrum]
Version            = 1
IDData             = 2CAE_2016-03-07_13-02-37_436_256
IDDevice           = SAM_8175
IDDataType         = SPECTRUM
IDDataTypeSub1     = CALIBRATED
IDDataTypeSub2     = 
IDDataTypeSub3     = 
DateTime           = 2016-03-07 13:02:37
PositionLatitude   = 0
PositionLongitude  = 0
Comment            = 
CommentSub1        = 
CommentSub2        = 
CommentSub3        = 
IDMethodType       = SAM Control
MethodName         = SAM_8175
Mission            = 
MissionSub         = 1
RecordType         = 0

[Attributes]
CalFactor = 1
IDBasisSpec = 
IDDataBack = 2004-03-29_14-59-06_000_254
IDDataCal = 2004-09-29_03-00-00
IntegrationTime = 128
P31 = -1
P31e = 0
PathLength = +INF
RAWDynamic = 65535
Temperature = +NAN
Unit1 = $01 $01 Wavelength nm
Unit2 = $03 $06 Intensity mW/(m^2 nm)
Unit3 = $f0 $06 Error mW/(m^2 nm)
Unit4 = $f1 $00 Status 
[END] of [Attributes]
[DATA]
 0 6 0 0
 305.14988776048 0 0 0
 308.45931630612 0 0 0
 311.76939137984 0 0 0
 315.080105545 0 0 0
 318.39145136496 0 0 0
 321.70342140308 0 0 0
 325.01600822272 24.2254341234355 0 0
 328.32920438724 29.0845006853676 0 0
 331.64300246 32.0832143204524 0 0
 334.95739500436 33.8075965316817 0 0
 338.27237458368 35.8731385840312 0 0
 341.58793376132 37.4884850592204 0 0
 344.90406510064 39.1716924473312 0 0
 348.220761165 41.0076550494901 0 0
 351.53801451776 43.1324435763161 0 0
 354.85581772228 43.9128444016869 0 0
 358.17416334192 44.1904748272405 0 0
 361.49304394004 47.0257778317579 0 0
 364.81245208 52.0460756112242 0 0
 368.13238032516 55.2907887549489 0 0
 371.45282123888 55.2190620769197 0 0
 374.77376738452 55.3732437856868 0 0
 378.09521132544 55.6829859743649 0 0
 381.417145625 53.6455401090419 0 0
 384.73956284656 52.3930048873765 0 0
 388.06245555348 54.5838462787797 0 0
 391.38581630912 56.5805398576212 0 0
 394.70963767684 60.0081792248292 0 0
 398.03391222 71.0596851620335 0 0
 401.35863250196 83.9219637609546 0 0
 404.68379108608 90.4020503545492 0 0
 408.00938053572 92.8917295416407 0 0
 411.33539341424 95.8378539414382 0 0
 414.661822285 98.1924922987578 0 0
 417.98865971136 98.7360566166231 0 0
 421.31589825668 98.1737770882443 0 0
 424.64353048432 96.0278180112527 0 0
 427.97154895764 92.7329395084726 0 0
 431.29994624 93.3372307964665 0 0
 434.62871489476 98.365623375404 0 0
 437.95784748528 103.67611264932 0 0
 441.28733657492 108.349690320701 0 0
 444.61717472704 113.381069243695 0 0
 447.947354505 117.699675178888 0 0
 451.27786847216 120.532227453708 0 0
 454.60870919188 121.838230735239 0 0
 457.93986922752 122.617715117982 0 0
 461.27134114244 123.038188333406 0 0
 464.6031175 122.382441479809 0 0
 467.93519086356 121.191562346103 0 0
 471.26755379648 120.94795917045 0 0
 474.60019886212 121.361048348982 0 0
 477.93311862384 121.936007319188 0 0
 481.266305645 120.92576814051 0 0
 484.59975248896 118.261018067082 0 0
 487.93345171908 116.592676449509 0 0
 491.26739589872 117.464246793768 0 0
 494.60157759124 118.25534363782 0 0
 497.93598936 117.338273285902 0 0
 501.27062376836 116.02150966077 0 0
 504.60547337968 115.94456890088 0 0
 507.94053075732 116.328887322778 0 0
 511.27578846464 115.325007136032 0 0
 514.611239065 112.688673145684 0 0
 517.94687512176 111.129423642091 0 0
 521.28268919828 111.720375646489 0 0
 524.61867385792 112.816420803691 0 0
 527.95482166404 113.606252599052 0 0
 531.29112518 114.268334381846 0 0
 534.62757696916 114.318080292051 0 0
 537.96416959488 113.757520383861 0 0
 541.30089562052 113.227094437222 0 0
 544.63774760944 113.226594519158 0 0
 547.974718125 113.327108584079 0 0
 551.31179973056 113.076864609496 0 0
 554.64898498948 112.131043420457 0 0
 557.98626646512 110.858693204934 0 0
 561.32363672084 109.601292717139 0 0
 564.66108832 108.329566244132 0 0
 567.99861382596 106.926684511371 0 0
 571.33620580208 105.661319234006 0 0
 574.67385681172 105.103561728183 0 0
 578.01155941824 105.28274173117 0 0
 581.349306185 105.794133211484 0 0
 584.68708967536 105.03646209938 0 0
 588.02490245268 103.586413007838 0 0
 591.36273708032 102.596200380074 0 0
 594.70058612164 102.285400797445 0 0
 598.03844214 102.453503728541 0 0
 601.37629769876 102.914091928348 0 0
 604.71414536128 103.193391277815 0 0
 608.05197769092 103.065646480822 0 0
 611.38978725104 102.529798450259 0 0
 614.727566605 101.703392110459 0 0
 618.06530831616 100.985230785202 0 0
 621.40300494788 100.015997869571 0 0
 624.74064906352 98.4768557077337 0 0
 628.07823322644 96.9005223637377 0 0
 631.41575 96.383891992844 0 0
 634.75319194756 97.1552084503731 0 0
 638.09055163248 97.9907563315123 0 0
 641.42782161812 97.7845229400337 0 0
 644.76499446784 96.4096310589868 0 0
 648.102062745 94.8026862802063 0 0
 651.43901901296 93.3521944251158 0 0
 654.77585583508 92.6621299251444 0 0
 658.11256577472 93.4066557425574 0 0
 661.44914139524 94.8438290765175 0 0
 664.78557526 95.7017682217655 0 0
 668.12185993236 95.830925819528 0 0
 671.45798797568 95.5222046784089 0 0
 674.79395195332 94.8030368761432 0 0
 678.12974442864 93.3229398530696 0 0
 681.465357965 90.0672454273044 0 0
 684.80078512576 85.2822206359229 0 0
 688.13601847428 81.8366294415116 0 0
 691.47105057392 81.5282461299366 0 0
 694.80587398804 82.9773550583625 0 0
 698.14048128 84.4204850846823 0 0
 701.47486501316 85.5390883327039 0 0
 704.80901775088 86.3545804722423 0 0
 708.14293205652 86.1837225115007 0 0
 711.47660049344 83.6684910874386 0 0
 714.810015625 78.6934193220331 0 0
 718.14317001456 73.6098835683441 0 0
 721.47605622548 70.505841059824 0 0
 724.80866682112 69.7790741683534 0 0
 728.14099436484 71.1189823574493 0 0
 731.47303142 74.2392556092961 0 0
 734.80477054996 77.792684976415 0 0
 738.13620431808 80.5963337891951 0 0
 741.46732528772 82.483499910781 0 0
 744.79812602224 83.4266175160288 0 0
 748.128599085 83.0882103746459 0 0
 751.45873703936 80.3865691813871 0 0
 754.78853244868 72.4507058844092 0 0
 758.11797787632 60.2136081241119 0 0
 761.44706588564 51.8954374157334 0 0
 764.77578904 54.1702162506098 0 0
 768.10413990276 63.0630728426755 0 0
 771.43211103728 70.9216514671433 0 0
 774.75969500692 75.4305691511266 0 0
 778.08688437504 77.307586707128 0 0
 781.413671705 77.5768923370189 0 0
 784.74004956016 76.8259933686261 0 0
 788.06601050388 75.4265439749438 0 0
 791.39154709952 74.1358286280967 0 0
 794.71665191044 73.057271415537 0 0
 798.0413175 72.1824165430814 0 0
 801.36553643156 71.2930913802848 0 0
 804.68930126848 69.9311848789018 0 0
 808.01260457412 67.3047229265154 0 0
 811.33543891184 63.0042324857532 0 0
 814.657796845 58.4774683302969 0 0
 817.97967093696 55.7466031034178 0 0
 821.30105375108 55.2721183443941 0 0
 824.62193785072 55.9676530011862 0 0
 827.94231579924 57.2534526949406 0 0
 831.26218016 59.1038780316828 0 0
 834.58152349636 61.3805293277881 0 0
 837.90033837168 63.5135633288637 0 0
 841.21861734932 64.8341877202079 0 0
 844.53635299264 65.2155594238201 0 0
 847.853537865 64.6715443046134 0 0
 851.17016452976 63.7429848443565 0 0
 854.48622555028 63.2696196642391 0 0
 857.80171348992 63.2706510014945 0 0
 861.11662091204 62.9677739620452 0 0
 864.43094038 61.9236165034287 0 0
 867.74466445716 61.3701959635062 0 0
 871.05778570688 61.0017814482613 0 0
 874.37029669252 60.5849888976693 0 0
 877.68218997744 59.8656409561309 0 0
 880.993458125 59.1647451921608 0 0
 884.30409369856 58.3320780837919 0 0
 887.61408926148 56.7157574402152 0 0
 890.92343737712 53.8421830939288 0 0
 894.23213060884 49.2136461636206 0 0
 897.54016152 44.7540222396354 0 0
 900.84752267396 42.3035286242481 0 0
 904.15420663408 41.0221340070604 0 0
 907.46020596372 39.5534749883118 0 0
 910.76551322624 38.0402117655577 0 0
 914.070120985 37.6561099227559 0 0
 917.37402180336 38.4340919888567 0 0
 920.67720824468 38.7824565791746 0 0
 923.97967287232 37.0761835514471 0 0
 927.28140824964 31.837667831718 0 0
 930.58240694 24.6763699348467 0 0
 933.88266150676 18.7329956113665 0 0
 937.18216451328 15.9864629091445 0 0
 940.48090852292 15.8360908970729 0 0
 943.77888609904 15.5981398858364 0 0
 947.076089805 16.164670550453 0 0
 950.37251220416 16.682217811724 0 0
 953.66814585988 17.7056300564326 0 0
 956.96298333552 0 0 0
 960.25701719444 0 0 0
 963.55024 0 0 0
 966.84264431556 0 0 0
 970.13422270448 0 0 0
 973.42496773012 0 0 0
 976.71487195584 0 0 0
 980.003927945 0 0 0
 983.29212826096 0 0 0
 986.57946546708 0 0 0
 989.86593212672 0 0 0
 993.15152080324 0 0 0
 996.43622406 0 0 0
 999.72003446036 0 0 0
 1003.00294456768 0 0 0
 1006.28494694532 0 0 0
 1009.56603415664 0 0 0
 1012.846198765 0 0 0
 1016.12543333376 0 0 0
 1019.40373042628 0 0 0
 1022.68108260592 0 0 0
 1025.95748243604 0 0 0
 1029.23292248 0 0 0
 1032.50739530116 0 0 0
 1035.78089346288 0 0 0
 1039.05340952852 0 0 0
 1042.32493606144 0 0 0
 1045.595465625 0 0 0
 1048.86499078256 0 0 0
 1052.13350409748 0 0 0
 1055.40099813312 0 0 0
 1058.66746545284 0 0 0
 1061.93289862 0 0 0
 1065.19729019796 0 0 0
 1068.46063275008 0 0 0
 1071.72291883972 0 0 0
 1074.98414103024 0 0 0
 1078.244291885 0 0 0
 1081.50336396736 0 0 0
 1084.76134984068 0 0 0
 1088.01824206832 0 0 0
 1091.27403321364 0 0 0
 1094.52871584 0 0 0
 1097.78228251076 0 0 0
 1101.03472578928 0 0 0
 1104.28603823892 0 0 0
 1107.53621242304 0 0 0
 1110.785240905 0 0 0
 1114.03311624816 0 0 0
 1117.27983101588 0 0 0
 1120.52537777152 0 0 0
 1123.76974907844 0 0 0
 1127.0129375 0 0 0
 1130.25493559956 0 0 0
 1133.49573594048 0 0 0
 1136.73533108612 0 0 0
 1139.97371359984 0 0 0
 1143.210876045 0 0 0
 1146.44681098496 0 0 0
[END] of [DATA]
[END] of [Spectrum]

