[Spectrum]
Version            = 1
IDData             = 2CAE_2016-03-07_13-06-22_154_312
IDDevice           = SAM_817c
IDDataType         = SPECTRUM
IDDataTypeSub1     = CALIBRATED
IDDataTypeSub2     = 
IDDataTypeSub3     = 
DateTime           = 2016-03-07 13:06:22
PositionLatitude   = 0
PositionLongitude  = 0
Comment            = 
CommentSub1        = 
CommentSub2        = 
CommentSub3        = 
IDMethodType       = SAMIP Control
MethodName         = SAMIP_501A
Mission            = 
MissionSub         = 1
RecordType         = 0

[Attributes]
CalFactor = 1
IDBasisSpec = 
IDDataBack = 2004-03-29_16-38-33_176_143
IDDataCal = 2004-03-31_10-23-24_149_320
InclV = 7.5771193750803
InclValid = 1
InclX = -20.7
InclY = -5.35
IntegrationTime = 1024
P31 = -1
P31e = 0
PathLength = +INF
PressValid = 1
Pressure = 0.444471851624036
RAWDynamic = 65535
Temperature = +NAN
Unit1 = $01 $01 Wavelength nm
Unit2 = $03 $06 Intensity mW/(m^2 nm)
Unit3 = $f0 $06 Error mW/(m^2 nm)
Unit4 = $f1 $00 Status 
[END] of [Attributes]
[DATA]
 0 9 0 0
 305.0974558736 0.277106715203466 0 0
 308.3963534189 0.224119283997031 0 0
 311.6960197728 0.197216655795323 0 0
 314.9964467375 0.175626007441993 0 0
 318.2976261152 0.136961631580566 0 0
 321.5995497081 0.127595457646084 0 0
 324.9022093184 0.126383985694602 0 0
 328.2055967483 0.112820901697553 0 0
 331.5097038 0.116952353400853 0 0
 334.8145222757 0.112781989964261 0 0
 338.1200439776 0.11230320152921 0 0
 341.4262607079 0.115712619518046 0 0
 344.7331642688 0.116392145396298 0 0
 348.0407464625 0.115108284369645 0 0
 351.3489990912 0.112583542182536 0 0
 354.6579139571 0.113019132697716 0 0
 357.9674828624 0.115732013814712 0 0
 361.2776976093 0.124193981227729 0 0
 364.58855 0.137575871299449 0 0
 367.9000318367 0.159331905844628 0 0
 371.2121349216 0.184777337096916 0 0
 374.5248510569 0.214668077405494 0 0
 377.8381720448 0.256047151303677 0 0
 381.1520896875 0.299024673671888 0 0
 384.4665957872 0.353728621533376 0 0
 387.7816821461 0.434589387887062 0 0
 391.0973405664 0.52360453870872 0 0
 394.4135628503 0.647127853733638 0 0
 397.7303408 0.869598558060332 0 0
 401.0476662177 1.1598783871563 0 0
 404.3655309056 1.43025391481911 0 0
 407.6839266659 1.68883675977391 0 0
 411.0028453008 1.99430172878982 0 0
 414.3222786125 2.33204201850052 0 0
 417.6422184032 2.67225843631321 0 0
 420.9626564751 3.00948806269416 0 0
 424.2835846304 3.32184142042346 0 0
 427.6049946713 3.59557684017757 0 0
 430.9268784 4.03507504002356 0 0
 434.2492276187 4.70182910380709 0 0
 437.5720341296 5.46746252381833 0 0
 440.8952897349 6.26913485930141 0 0
 444.2189862368 7.17560572657063 0 0
 447.5431154375 8.12869444439655 0 0
 450.8676691392 9.01518249344757 0 0
 454.1926391441 9.81509717037279 0 0
 457.5180172544 10.5889735637686 0 0
 460.8437952723 11.3311001636524 0 0
 464.169965 11.9680400682801 0 0
 467.4965182397 12.5503989852378 0 0
 470.8234467936 13.2172828597194 0 0
 474.1507424639 13.9872784168423 0 0
 477.4783970528 14.7798930007597 0 0
 480.8064023625 15.3599041499844 0 0
 484.1347501952 15.6457056478547 0 0
 487.4634323531 15.9577413117432 0 0
 490.7924406384 16.6271169901873 0 0
 494.1217668533 17.294722536773 0 0
 497.4514028 17.6407681273857 0 0
 500.7813402807 17.8254847391092 0 0
 504.1115710976 18.1383168347573 0 0
 507.4420870529 18.5068173005608 0 0
 510.7728799488 18.5962087781922 0 0
 514.1039415875 18.3500821909346 0 0
 517.4352637712 18.3124901469874 0 0
 520.7668383021 18.7019178599139 0 0
 524.0986569824 19.2370410015648 0 0
 527.4307116143 19.6873223926064 0 0
 530.762994 20.0857857159059 0 0
 534.0954959417 20.350736651539 0 0
 537.4282092416 20.4433891663467 0 0
 540.7611257019 20.507194234165 0 0
 544.0942371248 20.6150402926939 0 0
 547.4275353125 20.7488645676704 0 0
 550.7610120672 20.7997199286229 0 0
 554.0946591911 20.7577260163697 0 0
 557.4284684864 20.6405139300862 0 0
 560.7624317553 20.5120064250342 0 0
 564.0965408 20.3474310699237 0 0
 567.4307874227 20.080381169308 0 0
 570.7651634256 19.7307742683679 0 0
 574.0996606109 19.3727734356048 0 0
 577.4342707808 18.9998683219197 0 0
 580.7689857375 18.5449490850645 0 0
 584.1037972832 17.7277643769831 0 0
 587.4386972201 16.5092265548047 0 0
 590.7736773504 15.2054903117235 0 0
 594.1087294763 13.9662601987581 0 0
 597.4438454 12.7228923558261 0 0
 600.7790169237 11.567416005899 0 0
 604.1142358496 10.6020574987756 0 0
 607.4494939799 9.87191095189002 0 0
 610.7847831168 9.37403072183931 0 0
 614.1200950625 9.01095222072504 0 0
 617.4554216192 8.70669643311359 0 0
 620.7907545891 8.42301883763173 0 0
 624.1260857744 8.09363455401083 0 0
 627.4614069773 7.72998165584139 0 0
 630.79671 7.45064591697521 0 0
 634.1319866447 7.27697391415979 0 0
 637.4672287136 7.15254319462326 0 0
 640.8024280089 6.98799092010409 0 0
 644.1375763328 6.72454192750335 0 0
 647.4726654875 6.387067731051 0 0
 650.8076872752 5.97597865660453 0 0
 654.1426334981 5.51750708896542 0 0
 657.4774959584 5.11164716637524 0 0
 660.8122664583 4.8338015218237 0 0
 664.1469368 4.61927916659926 0 0
 667.4814987857 4.42490524896737 0 0
 670.8159442176 4.23998163526779 0 0
 674.1502648979 4.06186949090787 0 0
 677.4844526288 3.87642283369017 0 0
 680.8184992125 3.62667246962142 0 0
 684.1523964512 3.28775437838317 0 0
 687.4861361471 2.93665091327311 0 0
 690.8197101024 2.65470598468029 0 0
 694.1531101193 2.40379422518876 0 0
 697.486328 2.12394121098601 0 0
 700.8193555467 1.8043025751431 0 0
 704.1521845616 1.46975206746792 0 0
 707.4848068469 1.15398602026822 0 0
 710.8172142048 0.844610405767189 0 0
 714.1493984375 0.582011768609059 0 0
 717.4813513472 0.362738125770671 0 0
 720.8130647361 0.217410768864336 0 0
 724.1445304064 0.129570141733248 0 0
 727.4757401603 0.0869979826596379 0 0
 730.8066858 0.0546016426636352 0 0
 734.1373591277 0.0411054797789115 0 0
 737.4677519456 0.0364588292902229 0 0
 740.7978560559 0.0253756670437261 0 0
 744.1276632608 0.0268168132288276 0 0
 747.4571653625 0.0278023245897339 0 0
 750.7863541632 0.0299522087913127 0 0
 754.1152214651 0.0265968421802349 0 0
 757.4437590704 0.0257044872698093 0 0
 760.7719587813 0.0180058658764249 0 0
 764.0998124 0.0210737295121648 0 0
 767.4273117287 0.018367585175539 0 0
 770.7544485696 0.0199222424620765 0 0
 774.0812147249 0.0284709428707897 0 0
 777.4076019968 0.0298009143524867 0 0
 780.7336021875 0.0226400031759184 0 0
 784.0592070992 0.0231001067831018 0 0
 787.3844085341 0.0263149094794008 0 0
 790.7091982944 0.0243286466470075 0 0
 794.0335681823 0.0296914892819777 0 0
 797.35751 0.0282463473186122 0 0
 800.6810155497 0.0308084018223729 0 0
 804.0040766336 0.0244047966308676 0 0
 807.3266850539 0.0263000075589275 0 0
 810.6488326128 0.0257549793651001 0 0
 813.9705111125 0.0378813355736207 0 0
 817.2917123552 0.0348475841885766 0 0
 820.6124281431 0.0338971964585285 0 0
 823.9326502784 0.0417443795566664 0 0
 827.2523705633 0.0276344783674144 0 0
 830.5715808 0.0314126668361222 0 0
 833.8902727907 0.0353918742723182 0 0
 837.2084383376 0.0556641380103097 0 0
 840.5260692429 0.041192447290162 0 0
 843.8431573088 0.0436537934811758 0 0
 847.1596943375 0.0215031495348871 0 0
 850.4756721312 0.021551583024209 0 0
 853.7910824921 0.0243983567329513 0 0
 857.1059172224 0.0284956490032524 0 0
 860.4201681243 0.0471588865241187 0 0
 863.733827 0.0291389766905882 0 0
 867.0468856517 0.0366851927341592 0 0
 870.3593358816 0.0197727153064461 0 0
 873.6711694919 0.0250374828628134 0 0
 876.9823782848 0.0165521942998809 0 0
 880.2929540625 0.0309238126404998 0 0
 883.6028886272 0.0356067306396923 0 0
 886.9121737811 0.0305618483314699 0 0
 890.2208013264 0.0360523785541568 0 0
 893.5287630653 0.0181936608152466 0 0
 896.8360508 0.028475794898596 0 0
 900.1426563327 0.0254041350551924 0 0
 903.4485714656 0.0489709915793944 0 0
 906.7537880009 0.0372786210332355 0 0
 910.0582977408 0.0461057225170927 0 0
 913.3620924875 0.0310873844918251 0 0
 916.6651640432 0.040721730525779 0 0
 919.9675042101 0.0284459775185059 0 0
 923.2691047904 0.00373215241075009 0 0
 926.5699575863 0.0115270351893441 0 0
 929.8700544 0.0621439088634927 0 0
 933.1693870337 0.0449267259669654 0 0
 936.4679472896 0 0 0
 939.7657269699 0.0412558371503256 0 0
 943.0627178768 0.0409705620712279 0 0
 946.3589118125 0.0293626438028933 0 0
 949.6543005792 0.0670508907725822 0 0
 952.9488759791 0.073057194448299 0 0
 956.2426298144 0.10782910800431 0 0
 959.5355538873 0.0793584776465163 0 0
 962.82764 0.0166866433243819 0 0
 966.1188799547 0.00474458907423184 0 0
 969.4092655536 0.0377707857985471 0 0
 972.6987885989 0.0573485340310785 0 0
 975.9874408928 0.1362905897584 0 0
 979.2752142375 0.028292297232543 0 0
 982.5621004352 0.0569353756082091 0 0
 985.8480912881 0.124533718787132 0 0
 989.1331785984 0.0230672180299105 0 0
 992.4173541683 0.109820371523878 0 0
 995.7006098 0.193332979340377 0 0
 998.9829372957 0.266990439281914 0 0
 1002.2643284576 0.241322157079092 0 0
 1005.5447750879 0.173177540572572 0 0
 1008.8242689888 0.0528678244160664 0 0
 1012.1028019625 0.273368862383526 0 0
 1015.3803658112 0.509003964967515 0 0
 1018.6569523371 0.612934517002104 0 0
 1021.9325533424 0.307435700219542 0 0
 1025.2071606293 0.235817561434376 0 0
 1028.480766 0.00490307171119533 0 0
 1031.7533612567 0.262507584249952 0 0
 1035.0249382016 1.0415137556947 0 0
 1038.2954886369 0 0 0
 1041.5650043648 0 0 0
 1044.8334771875 0 0 0
 1048.1008989072 0 0 0
 1051.3672613261 0 0 0
 1054.6325562464 0 0 0
 1057.8967754703 0 0 0
 1061.1599108 0 0 0
 1064.4219540377 0 0 0
 1067.6828969856 0 0 0
 1070.9427314459 0 0 0
 1074.2014492208 0 0 0
 1077.4590421125 0 0 0
 1080.7155019232 0 0 0
 1083.9708204551 0 0 0
 1087.2249895104 0 0 0
 1090.4780008913 0 0 0
 1093.7298464 0 0 0
 1096.9805178387 0 0 0
 1100.2300070096 0 0 0
 1103.4783057149 0 0 0
 1106.7254057568 0 0 0
 1109.9712989375 0 0 0
 1113.2159770592 0 0 0
 1116.4594319241 0 0 0
 1119.7016553344 0 0 0
 1122.9426390923 0 0 0
 1126.182375 0 0 0
 1129.4208548597 0 0 0
 1132.6580704736 0 0 0
 1135.8940136439 0 0 0
 1139.1286761728 0 0 0
 1142.3620498625 0 0 0
 1145.5941265152 0 0 0
[END] of [DATA]
[END] of [Spectrum]

