[Spectrum]
Version            = 1
IDData             = 2CAE_2016-03-07_13-04-38_226_280
IDDevice           = SAM_8175
IDDataType         = SPECTRUM
IDDataTypeSub1     = CALIBRATED
IDDataTypeSub2     = 
IDDataTypeSub3     = 
DateTime           = 2016-03-07 13:04:38
PositionLatitude   = 0
PositionLongitude  = 0
Comment            = 
CommentSub1        = 
CommentSub2        = 
CommentSub3        = 
IDMethodType       = SAM Control
MethodName         = SAM_8175
Mission            = 
MissionSub         = 1
RecordType         = 0

[Attributes]
CalFactor = 1
IDBasisSpec = 
IDDataBack = 2004-03-29_14-59-06_000_254
IDDataCal = 2004-09-29_03-00-00
IntegrationTime = 128
P31 = -1
P31e = 0
PathLength = +INF
RAWDynamic = 65535
Temperature = +NAN
Unit1 = $01 $01 Wavelength nm
Unit2 = $03 $06 Intensity mW/(m^2 nm)
Unit3 = $f0 $06 Error mW/(m^2 nm)
Unit4 = $f1 $00 Status 
[END] of [Attributes]
[DATA]
 0 6 0 0
 305.14988776048 0 0 0
 308.45931630612 0 0 0
 311.76939137984 0 0 0
 315.080105545 0 0 0
 318.39145136496 0 0 0
 321.70342140308 0 0 0
 325.01600822272 26.7801033022667 0 0
 328.32920438724 32.1866520599036 0 0
 331.64300246 35.3923557920024 0 0
 334.95739500436 37.3609856029988 0 0
 338.27237458368 39.6693325093103 0 0
 341.58793376132 41.4682800170411 0 0
 344.90406510064 43.3781201129507 0 0
 348.220761165 45.3739385495731 0 0
 351.53801451776 47.7408966468113 0 0
 354.85581772228 48.6145842361486 0 0
 358.17416334192 48.9765021298467 0 0
 361.49304394004 52.0738352161476 0 0
 364.81245208 57.693611781572 0 0
 368.13238032516 61.2369349201485 0 0
 371.45282123888 61.157754636223 0 0
 374.77376738452 61.3310241304102 0 0
 378.09521132544 61.6515364643843 0 0
 381.417145625 59.4019400322969 0 0
 384.73956284656 57.9904923516978 0 0
 388.06245555348 60.3741616019378 0 0
 391.38581630912 62.5431161481292 0 0
 394.70963767684 66.3534600151598 0 0
 398.03391222 78.4413093255927 0 0
 401.35863250196 92.6014354943968 0 0
 404.68379108608 99.5962277006785 0 0
 408.00938053572 102.312998736938 0 0
 411.33539341424 105.519424906676 0 0
 414.661822285 108.027098018465 0 0
 417.98865971136 108.599488290836 0 0
 421.31589825668 107.970397526445 0 0
 424.64353048432 105.622847552255 0 0
 427.97154895764 101.973120224378 0 0
 431.29994624 102.618844857326 0 0
 434.62871489476 108.104461780649 0 0
 437.95784748528 113.911916318754 0 0
 441.28733657492 119.072909564991 0 0
 444.61717472704 124.59504250253 0 0
 447.947354505 129.344400126527 0 0
 451.27786847216 132.484285006281 0 0
 454.60870919188 133.865248645798 0 0
 457.93986922752 134.740212387331 0 0
 461.27134114244 135.255392331055 0 0
 464.6031175 134.485366630505 0 0
 467.93519086356 133.229386960706 0 0
 471.26755379648 132.954024318763 0 0
 474.60019886212 133.37228348956 0 0
 477.93311862384 134.044639835151 0 0
 481.266305645 132.902559254199 0 0
 484.59975248896 129.960711154302 0 0
 487.93345171908 128.095425844025 0 0
 491.26739589872 129.062425162535 0 0
 494.60157759124 129.92817378063 0 0
 497.93598936 128.914769143776 0 0
 501.27062376836 127.46908933179 0 0
 504.60547337968 127.364575472723 0 0
 507.94053075732 127.856779060278 0 0
 511.27578846464 126.711670233356 0 0
 514.611239065 123.822677374184 0 0
 517.94687512176 122.117890730819 0 0
 521.28268919828 122.69758028028 0 0
 524.61867385792 123.886021064332 0 0
 527.95482166404 124.787952065188 0 0
 531.29112518 125.501228873442 0 0
 534.62757696916 125.484682679204 0 0
 537.96416959488 124.756800494394 0 0
 541.30089562052 124.026025119631 0 0
 544.63774760944 123.99937371289 0 0
 547.974718125 124.136827858414 0 0
 551.31179973056 123.944836710334 0 0
 554.64898498948 123.003623109334 0 0
 557.98626646512 121.625963136689 0 0
 561.32363672084 120.270252080422 0 0
 564.66108832 118.863333106775 0 0
 567.99861382596 117.32758079717 0 0
 571.33620580208 115.986571841164 0 0
 574.67385681172 115.318534688925 0 0
 578.01155941824 115.540600009083 0 0
 581.349306185 116.066534169509 0 0
 584.68708967536 115.246874551012 0 0
 588.02490245268 113.674646048951 0 0
 591.36273708032 112.598770663835 0 0
 594.70058612164 112.278165741256 0 0
 598.03844214 112.471596221621 0 0
 601.37629769876 112.97916560135 0 0
 604.71414536128 113.184381330013 0 0
 608.05197769092 113.003171495989 0 0
 611.38978725104 112.339310027715 0 0
 614.727566605 111.418378180517 0 0
 618.06530831616 110.69720548236 0 0
 621.40300494788 109.733472245373 0 0
 624.74064906352 108.0781900067 0 0
 628.07823322644 106.367030495427 0 0
 631.41575 105.807417362593 0 0
 634.75319194756 106.702879428889 0 0
 638.09055163248 107.613186224368 0 0
 641.42782161812 107.423121592481 0 0
 644.76499446784 105.889964076541 0 0
 648.102062745 104.128427546648 0 0
 651.43901901296 102.569569854106 0 0
 654.77585583508 101.871722171076 0 0
 658.11256577472 102.649318777465 0 0
 661.44914139524 104.249968891193 0 0
 664.78557526 105.201973197731 0 0
 668.12185993236 105.328729052322 0 0
 671.45798797568 104.958134478073 0 0
 674.79395195332 104.216167903881 0 0
 678.12974442864 102.575628709059 0 0
 681.465357965 99.0114307127784 0 0
 684.80078512576 93.7697298279731 0 0
 688.13601847428 89.9692823671368 0 0
 691.47105057392 89.6707255642125 0 0
 694.80587398804 91.278583786764 0 0
 698.14048128 92.823509409567 0 0
 701.47486501316 94.0892464448862 0 0
 704.80901775088 94.9190890125908 0 0
 708.14293205652 94.7889064776066 0 0
 711.47660049344 92.0024297078942 0 0
 714.810015625 86.6403462367791 0 0
 718.14317001456 81.0252738720194 0 0
 721.47605622548 77.6495744460184 0 0
 724.80866682112 76.8173118974715 0 0
 728.14099436484 78.3422262646584 0 0
 731.47303142 81.7440684968379 0 0
 734.80477054996 85.5998080096875 0 0
 738.13620431808 88.6375785168703 0 0
 741.46732528772 90.7483322301237 0 0
 744.79812602224 91.7542367353586 0 0
 748.128599085 91.4136919562191 0 0
 751.45873703936 88.3474694723175 0 0
 754.78853244868 79.6895707747633 0 0
 758.11797787632 66.2406912857732 0 0
 761.44706588564 57.1243896357975 0 0
 764.77578904 59.6892149209969 0 0
 768.10413990276 69.4915520409806 0 0
 771.43211103728 78.0836442672135 0 0
 774.75969500692 83.0368563734548 0 0
 778.08688437504 85.0689199490377 0 0
 781.413671705 85.4042358534771 0 0
 784.74004956016 84.5646462134821 0 0
 788.06601050388 83.0541796639244 0 0
 791.39154709952 81.5479045350906 0 0
 794.71665191044 80.4594412423541 0 0
 798.0413175 79.4609241175505 0 0
 801.36553643156 78.4675326634559 0 0
 804.68930126848 77.0769276450344 0 0
 808.01260457412 74.1269827617281 0 0
 811.33543891184 69.4280863224031 0 0
 814.657796845 64.4321011099144 0 0
 817.97967093696 61.4614840960281 0 0
 821.30105375108 60.9712914528718 0 0
 824.62193785072 61.7488899572348 0 0
 827.94231579924 63.1786855444707 0 0
 831.26218016 65.1377906125104 0 0
 834.58152349636 67.6893802438759 0 0
 837.90033837168 69.9850710252518 0 0
 841.21861734932 71.4295685096969 0 0
 844.53635299264 71.9070521358356 0 0
 847.853537865 71.2776516957827 0 0
 851.17016452976 70.2307927276423 0 0
 854.48622555028 69.7378623218097 0 0
 857.80171348992 69.7187399116638 0 0
 861.11662091204 69.3360394469955 0 0
 864.43094038 68.4620639474172 0 0
 867.74466445716 67.6040266956729 0 0
 871.05778570688 67.2678057211563 0 0
 874.37029669252 66.7886732910259 0 0
 877.68218997744 66.1278159643311 0 0
 880.993458125 65.4293199110231 0 0
 884.30409369856 64.3845514854826 0 0
 887.61408926148 62.773733778789 0 0
 890.92343737712 59.4630111430284 0 0
 894.23213060884 54.3234746845524 0 0
 897.54016152 49.5465017236154 0 0
 900.84752267396 46.7877883632383 0 0
 904.15420663408 45.3575948667361 0 0
 907.46020596372 43.8115516354985 0 0
 910.76551322624 42.1133735575872 0 0
 914.070120985 41.7163083214922 0 0
 917.37402180336 42.4765141576989 0 0
 920.67720824468 42.8938021545945 0 0
 923.97967287232 41.1805896299792 0 0
 927.28140824964 35.3653336731988 0 0
 930.58240694 27.2736250330237 0 0
 933.88266150676 20.6492179796515 0 0
 937.18216451328 17.9623496024835 0 0
 940.48090852292 17.5782609838964 0 0
 943.77888609904 17.6791426477893 0 0
 947.076089805 17.8825288098882 0 0
 950.37251220416 18.6823367800294 0 0
 953.66814585988 19.8443310925845 0 0
 956.96298333552 0 0 0
 960.25701719444 0 0 0
 963.55024 0 0 0
 966.84264431556 0 0 0
 970.13422270448 0 0 0
 973.42496773012 0 0 0
 976.71487195584 0 0 0
 980.003927945 0 0 0
 983.29212826096 0 0 0
 986.57946546708 0 0 0
 989.86593212672 0 0 0
 993.15152080324 0 0 0
 996.43622406 0 0 0
 999.72003446036 0 0 0
 1003.00294456768 0 0 0
 1006.28494694532 0 0 0
 1009.56603415664 0 0 0
 1012.846198765 0 0 0
 1016.12543333376 0 0 0
 1019.40373042628 0 0 0
 1022.68108260592 0 0 0
 1025.95748243604 0 0 0
 1029.23292248 0 0 0
 1032.50739530116 0 0 0
 1035.78089346288 0 0 0
 1039.05340952852 0 0 0
 1042.32493606144 0 0 0
 1045.595465625 0 0 0
 1048.86499078256 0 0 0
 1052.13350409748 0 0 0
 1055.40099813312 0 0 0
 1058.66746545284 0 0 0
 1061.93289862 0 0 0
 1065.19729019796 0 0 0
 1068.46063275008 0 0 0
 1071.72291883972 0 0 0
 1074.98414103024 0 0 0
 1078.244291885 0 0 0
 1081.50336396736 0 0 0
 1084.76134984068 0 0 0
 1088.01824206832 0 0 0
 1091.27403321364 0 0 0
 1094.52871584 0 0 0
 1097.78228251076 0 0 0
 1101.03472578928 0 0 0
 1104.28603823892 0 0 0
 1107.53621242304 0 0 0
 1110.785240905 0 0 0
 1114.03311624816 0 0 0
 1117.27983101588 0 0 0
 1120.52537777152 0 0 0
 1123.76974907844 0 0 0
 1127.0129375 0 0 0
 1130.25493559956 0 0 0
 1133.49573594048 0 0 0
 1136.73533108612 0 0 0
 1139.97371359984 0 0 0
 1143.210876045 0 0 0
 1146.44681098496 0 0 0
[END] of [DATA]
[END] of [Spectrum]

