[Spectrum]
Version            = 1
IDData             = 2CAE_2016-03-07_13-05-54_776_300
IDDevice           = SAM_817c
IDDataType         = SPECTRUM
IDDataTypeSub1     = CALIBRATED
IDDataTypeSub2     = 
IDDataTypeSub3     = 
DateTime           = 2016-03-07 13:05:54
PositionLatitude   = 0
PositionLongitude  = 0
Comment            = 
CommentSub1        = 
CommentSub2        = 
CommentSub3        = 
IDMethodType       = SAMIP Control
MethodName         = SAMIP_501A
Mission            = 
MissionSub         = 1
RecordType         = 0

[Attributes]
CalFactor = 1
IDBasisSpec = 
IDDataBack = 2004-03-29_16-38-33_176_143
IDDataCal = 2004-03-31_10-23-24_149_320
InclV = 4.5420067271624
InclValid = 1
InclX = -20.7
InclY = -3.21
IntegrationTime = 512
P31 = -1
P31e = 0
PathLength = +INF
PressValid = 1
Pressure = 0.339207942350916
RAWDynamic = 65535
Temperature = +NAN
Unit1 = $01 $01 Wavelength nm
Unit2 = $03 $06 Intensity mW/(m^2 nm)
Unit3 = $f0 $06 Error mW/(m^2 nm)
Unit4 = $f1 $00 Status 
[END] of [Attributes]
[DATA]
 0 8 0 0
 305.0974558736 0.185587599555266 0 0
 308.3963534189 0.332548589193413 0 0
 311.6960197728 0.253976089537148 0 0
 314.9964467375 0 0 0
 318.2976261152 0.217814990054427 0 0
 321.5995497081 0.19976973561707 0 0
 324.9022093184 0.206705377948289 0 0
 328.2055967483 0.178421964967028 0 0
 331.5097038 0.189173601407689 0 0
 334.8145222757 0.196660159327616 0 0
 338.1200439776 0.195286884604324 0 0
 341.4262607079 0.20636943386803 0 0
 344.7331642688 0.203214222618235 0 0
 348.0407464625 0.191417690636428 0 0
 351.3489990912 0.207413293072893 0 0
 354.6579139571 0.221505971810014 0 0
 357.9674828624 0.249134537909144 0 0
 361.2776976093 0.292218519547866 0 0
 364.58855 0.333353438523789 0 0
 367.9000318367 0.384871379798155 0 0
 371.2121349216 0.459160040871515 0 0
 374.5248510569 0.555882105115692 0 0
 377.8381720448 0.647148290136292 0 0
 381.1520896875 0.745640456893801 0 0
 384.4665957872 0.87815585903794 0 0
 387.7816821461 1.02785766803232 0 0
 391.0973405664 1.22641038633376 0 0
 394.4135628503 1.49718167607076 0 0
 397.7303408 1.9852750219127 0 0
 401.0476662177 2.59507178682762 0 0
 404.3655309056 3.13849830609983 0 0
 407.6839266659 3.59842511794333 0 0
 411.0028453008 4.12340217645921 0 0
 414.3222786125 4.69552230978561 0 0
 417.6422184032 5.23593998615588 0 0
 420.9626564751 5.75582422147426 0 0
 424.2835846304 6.18524748081844 0 0
 427.6049946713 6.43035244407988 0 0
 430.9268784 7.11830036601131 0 0
 434.2492276187 8.11118746981943 0 0
 437.5720341296 9.23467933039771 0 0
 440.8952897349 10.3710120466707 0 0
 444.2189862368 11.6408530661526 0 0
 447.5431154375 12.9387909475712 0 0
 450.8676691392 14.1506356577483 0 0
 454.1926391441 15.0912732418668 0 0
 457.5180172544 16.0198405162639 0 0
 460.8437952723 16.903631559753 0 0
 464.169965 17.6065127273336 0 0
 467.4965182397 18.2284023380369 0 0
 470.8234467936 18.9521962898878 0 0
 474.1507424639 19.7906221025272 0 0
 477.4783970528 20.7005417369507 0 0
 480.8064023625 21.302952986127 0 0
 484.1347501952 21.5035124565218 0 0
 487.4634323531 21.7409551809052 0 0
 490.7924406384 22.4760110044526 0 0
 494.1217668533 23.2110885965941 0 0
 497.4514028 23.5399475100674 0 0
 500.7813402807 23.6689690558482 0 0
 504.1115710976 23.9709514875547 0 0
 507.4420870529 24.3841124338552 0 0
 510.7728799488 24.4428141162937 0 0
 514.1039415875 24.0552194988434 0 0
 517.4352637712 23.9172290834915 0 0
 520.7668383021 24.3267748650953 0 0
 524.0986569824 24.9388023408199 0 0
 527.4307116143 25.4337685591815 0 0
 530.762994 25.8751160074735 0 0
 534.0954959417 26.1354820345474 0 0
 537.4282092416 26.1893122981781 0 0
 540.7611257019 26.2351425912509 0 0
 544.0942371248 26.3385185310699 0 0
 547.4275353125 26.4892312496341 0 0
 550.7610120672 26.5413327523361 0 0
 554.0946591911 26.4523431681148 0 0
 557.4284684864 26.2955654030634 0 0
 560.7624317553 26.0824449101504 0 0
 564.0965408 25.8587647470496 0 0
 567.4307874227 25.5364878498756 0 0
 570.7651634256 25.1288794977397 0 0
 574.0996606109 24.724868065203 0 0
 577.4342707808 24.3647580143544 0 0
 580.7689857375 23.9595129243608 0 0
 584.1037972832 23.1127829928683 0 0
 587.4386972201 21.8474857958384 0 0
 590.7736773504 20.3579056139519 0 0
 594.1087294763 19.0480220829174 0 0
 597.4438454 17.7474915962045 0 0
 600.7790169237 16.5194580845326 0 0
 604.1142358496 15.4664393920306 0 0
 607.4494939799 14.6617404144145 0 0
 610.7847831168 14.0997294395674 0 0
 614.1200950625 13.6445448686906 0 0
 617.4554216192 13.2632444359229 0 0
 620.7907545891 12.8932862773792 0 0
 624.1260857744 12.4745307611306 0 0
 627.4614069773 11.9949038251862 0 0
 630.79671 11.6286441875014 0 0
 634.1319866447 11.4580409730082 0 0
 637.4672287136 11.3323691349852 0 0
 640.8024280089 11.1376077525758 0 0
 644.1375763328 10.7754271590809 0 0
 647.4726654875 10.3370139852684 0 0
 650.8076872752 9.76928775030245 0 0
 654.1426334981 9.15515948351267 0 0
 657.4774959584 8.65221841394047 0 0
 660.8122664583 8.30140485250209 0 0
 664.1469368 8.02705660358747 0 0
 667.4814987857 7.75932870481266 0 0
 670.8159442176 7.50656974640742 0 0
 674.1502648979 7.23404838459875 0 0
 677.4844526288 7.14623920338045 0 0
 680.8184992125 6.61383585228029 0 0
 684.1523964512 6.04852379237872 0 0
 687.4861361471 5.46464089957281 0 0
 690.8197101024 5.03881966548193 0 0
 694.1531101193 4.70184881459561 0 0
 697.486328 4.29902076049781 0 0
 700.8193555467 3.69433604680099 0 0
 704.1521845616 3.23451559661633 0 0
 707.4848068469 2.63661965293102 0 0
 710.8172142048 2.06360296300954 0 0
 714.1493984375 1.49094888057256 0 0
 717.4813513472 0.999045273315497 0 0
 720.8130647361 0.640325791404906 0 0
 724.1445304064 0.408624389832577 0 0
 727.4757401603 0.254216123583347 0 0
 730.8066858 0.156934205543367 0 0
 734.1373591277 0.100408154942498 0 0
 737.4677519456 0.0707942375021389 0 0
 740.7978560559 0.0707484376077182 0 0
 744.1276632608 0.0683763417726624 0 0
 747.4571653625 0.0399910364359125 0 0
 750.7863541632 0.0497935582582747 0 0
 754.1152214651 0.0556747703192342 0 0
 757.4437590704 0.0371909147596353 0 0
 760.7719587813 0.0356773174048204 0 0
 764.0998124 0.0449524466580581 0 0
 767.4273117287 0.0469642823130579 0 0
 770.7544485696 0.043752766688304 0 0
 774.0812147249 0.0306459643507952 0 0
 777.4076019968 0.0450279023548688 0 0
 780.7336021875 0.0453080475105276 0 0
 784.0592070992 0.0432899694014149 0 0
 787.3844085341 0.0515733398143516 0 0
 790.7091982944 0.0614929846116097 0 0
 794.0335681823 0.0563773266558898 0 0
 797.35751 0.0548097558126555 0 0
 800.6810155497 0.056282269311548 0 0
 804.0040766336 0.0564729870421934 0 0
 807.3266850539 0.0723876115086282 0 0
 810.6488326128 0.0693641930410637 0 0
 813.9705111125 0.250447452573228 0 0
 817.2917123552 0.0534649541255474 0 0
 820.6124281431 0.043402868021855 0 0
 823.9326502784 0.0443474540635279 0 0
 827.2523705633 0.0426170598941438 0 0
 830.5715808 0.0813892159671665 0 0
 833.8902727907 0.0624225905944254 0 0
 837.2084383376 0 0 0
 840.5260692429 0.050340958179143 0 0
 843.8431573088 0.049661771137168 0 0
 847.1596943375 0.042575625639387 0 0
 850.4756721312 0.0590970829407897 0 0
 853.7910824921 0.0618539681907826 0 0
 857.1059172224 0.0791235597234871 0 0
 860.4201681243 0 0 0
 863.733827 0.027828928671314 0 0
 867.0468856517 0.0395304641568375 0 0
 870.3593358816 0.0255425582502395 0 0
 873.6711694919 0.113843960135833 0 0
 876.9823782848 0.085582176428587 0 0
 880.2929540625 0.134955170435551 0 0
 883.6028886272 0 0 0
 886.9121737811 0.0167511281326469 0 0
 890.2208013264 0.036090896099232 0 0
 893.5287630653 0.0629702237626627 0 0
 896.8360508 0.106177264310692 0 0
 900.1426563327 0.105463169105137 0 0
 903.4485714656 0 0 0
 906.7537880009 0 0 0
 910.0582977408 0 0 0
 913.3620924875 0.0354224296847239 0 0
 916.6651640432 0.0760158195371271 0 0
 919.9675042101 0.0677530341947093 0 0
 923.2691047904 0.0787953296456674 0 0
 926.5699575863 0.385593508327831 0 0
 929.8700544 0.0283690009802206 0 0
 933.1693870337 0.0457539059424491 0 0
 936.4679472896 0.0821256456281363 0 0
 939.7657269699 0.0839794997495901 0 0
 943.0627178768 0.117131073108551 0 0
 946.3589118125 0.0439166698992096 0 0
 949.6543005792 0.13065190155764 0 0
 952.9488759791 0.082099934348605 0 0
 956.2426298144 0.135591475399935 0 0
 959.5355538873 0.089844853731558 0 0
 962.82764 0.166252084435193 0 0
 966.1188799547 0.197856608577993 0 0
 969.4092655536 0.121550565439239 0 0
 972.6987885989 0 0 0
 975.9874408928 0.0139235796731151 0 0
 979.2752142375 0.129975746648293 0 0
 982.5621004352 0.0987054805169954 0 0
 985.8480912881 0.0762609447712569 0 0
 989.1331785984 0.294508487973588 0 0
 992.4173541683 0.289129093179026 0 0
 995.7006098 1.22285845920244 0 0
 998.9829372957 0.147575346589909 0 0
 1002.2643284576 0.357709432400887 0 0
 1005.5447750879 0.631734197265532 0 0
 1008.8242689888 0.800913119189745 0 0
 1012.1028019625 0.849066055162752 0 0
 1015.3803658112 0.11373185385239 0 0
 1018.6569523371 0.400060613100768 0 0
 1021.9325533424 0.491291660451678 0 0
 1025.2071606293 0 0 0
 1028.480766 2.50816029928158 0 0
 1031.7533612567 3.35350015673906 0 0
 1035.0249382016 2.85186506184195 0 0
 1038.2954886369 0 0 0
 1041.5650043648 0 0 0
 1044.8334771875 0 0 0
 1048.1008989072 0 0 0
 1051.3672613261 0 0 0
 1054.6325562464 0 0 0
 1057.8967754703 0 0 0
 1061.1599108 0 0 0
 1064.4219540377 0 0 0
 1067.6828969856 0 0 0
 1070.9427314459 0 0 0
 1074.2014492208 0 0 0
 1077.4590421125 0 0 0
 1080.7155019232 0 0 0
 1083.9708204551 0 0 0
 1087.2249895104 0 0 0
 1090.4780008913 0 0 0
 1093.7298464 0 0 0
 1096.9805178387 0 0 0
 1100.2300070096 0 0 0
 1103.4783057149 0 0 0
 1106.7254057568 0 0 0
 1109.9712989375 0 0 0
 1113.2159770592 0 0 0
 1116.4594319241 0 0 0
 1119.7016553344 0 0 0
 1122.9426390923 0 0 0
 1126.182375 0 0 0
 1129.4208548597 0 0 0
 1132.6580704736 0 0 0
 1135.8940136439 0 0 0
 1139.1286761728 0 0 0
 1142.3620498625 0 0 0
 1145.5941265152 0 0 0
[END] of [DATA]
[END] of [Spectrum]

