[Spectrum]
Version            = 1
IDData             = 2CAE_2016-03-07_13-08-03_539_360
IDDevice           = SAM_817c
IDDataType         = SPECTRUM
IDDataTypeSub1     = CALIBRATED
IDDataTypeSub2     = 
IDDataTypeSub3     = 
DateTime           = 2016-03-07 13:08:03
PositionLatitude   = 0
PositionLongitude  = 0
Comment            = 
CommentSub1        = 
CommentSub2        = 
CommentSub3        = 
IDMethodType       = SAMIP Control
MethodName         = SAMIP_501A
Mission            = 
MissionSub         = 1
RecordType         = 0

[Attributes]
CalFactor = 1
IDBasisSpec = 
IDDataBack = 2004-03-29_16-38-33_176_143
IDDataCal = 2004-03-31_10-23-24_149_320
InclV = 4.5420067271624
InclValid = 1
InclX = -21.85
InclY = -3.21
IntegrationTime = 2048
P31 = -1
P31e = 0
PathLength = +INF
PressValid = 1
Pressure = 0.852044345204247
RAWDynamic = 65535
Temperature = +NAN
Unit1 = $01 $01 Wavelength nm
Unit2 = $03 $06 Intensity mW/(m^2 nm)
Unit3 = $f0 $06 Error mW/(m^2 nm)
Unit4 = $f1 $00 Status 
[END] of [Attributes]
[DATA]
 0 10 0 0
 305.0974558736 0.083960921245029 0 0
 308.3963534189 0.0829498752756784 0 0
 311.6960197728 0.0680752518797464 0 0
 314.9964467375 0.0709894415997719 0 0
 318.2976261152 0.0473148384310261 0 0
 321.5995497081 0.0441401935867874 0 0
 324.9022093184 0.042276656715219 0 0
 328.2055967483 0.0375198648783831 0 0
 331.5097038 0.039332438857188 0 0
 334.8145222757 0.0391097349566038 0 0
 338.1200439776 0.0359629192714861 0 0
 341.4262607079 0.035003703109897 0 0
 344.7331642688 0.035356841525168 0 0
 348.0407464625 0.0313408687878177 0 0
 351.3489990912 0.0331272088601367 0 0
 354.6579139571 0.0313381460667561 0 0
 357.9674828624 0.0298044031317201 0 0
 361.2776976093 0.0284820911871983 0 0
 364.58855 0.0302622473656808 0 0
 367.9000318367 0.030409362318288 0 0
 371.2121349216 0.0327088130507555 0 0
 374.5248510569 0.0373081649449102 0 0
 377.8381720448 0.0389719750077193 0 0
 381.1520896875 0.0401364140952683 0 0
 384.4665957872 0.0480650070841228 0 0
 387.7816821461 0.0525528912791181 0 0
 391.0973405664 0.0598731592518947 0 0
 394.4135628503 0.0693077178715633 0 0
 397.7303408 0.0832083298291097 0 0
 401.0476662177 0.105523746009075 0 0
 404.3655309056 0.125641928755925 0 0
 407.6839266659 0.153023984155297 0 0
 411.0028453008 0.189227265417095 0 0
 414.3222786125 0.235884657123816 0 0
 417.6422184032 0.287731842346045 0 0
 420.9626564751 0.349848216465201 0 0
 424.2835846304 0.420420616184149 0 0
 427.6049946713 0.492674137490417 0 0
 430.9268784 0.601175575410691 0 0
 434.2492276187 0.755084025162436 0 0
 437.5720341296 0.945057507422335 0 0
 440.8952897349 1.16796061747565 0 0
 444.2189862368 1.43272001546931 0 0
 447.5431154375 1.73430231056369 0 0
 450.8676691392 2.04356138368914 0 0
 454.1926391441 2.36397570035817 0 0
 457.5180172544 2.69945628896099 0 0
 460.8437952723 3.04928740478286 0 0
 464.169965 3.38415468076071 0 0
 467.4965182397 3.72322694082259 0 0
 470.8234467936 4.10272433337459 0 0
 474.1507424639 4.52898091419865 0 0
 477.4783970528 4.97807015760536 0 0
 480.8064023625 5.36681843162066 0 0
 484.1347501952 5.65392750494966 0 0
 487.4634323531 5.9561511958969 0 0
 490.7924406384 6.38781795922011 0 0
 494.1217668533 6.81414997301796 0 0
 497.4514028 7.09968662980508 0 0
 500.7813402807 7.31177233468717 0 0
 504.1115710976 7.54648469860285 0 0
 507.4420870529 7.77520742795992 0 0
 510.7728799488 7.85654806550771 0 0
 514.1039415875 7.8047782662663 0 0
 517.4352637712 7.87667363487755 0 0
 520.7668383021 8.15380497056903 0 0
 524.0986569824 8.50452214228573 0 0
 527.4307116143 8.81834536245089 0 0
 530.762994 9.09701204096116 0 0
 534.0954959417 9.30156146790952 0 0
 537.4282092416 9.41418108978672 0 0
 540.7611257019 9.49962604023235 0 0
 544.0942371248 9.58209356019804 0 0
 547.4275353125 9.66105173808908 0 0
 550.7610120672 9.70152090913374 0 0
 554.0946591911 9.70075684657179 0 0
 557.4284684864 9.66781581754657 0 0
 560.7624317553 9.62546535180442 0 0
 564.0965408 9.54671681786916 0 0
 567.4307874227 9.39217749289419 0 0
 570.7651634256 9.16527903524474 0 0
 574.0996606109 8.87455813909833 0 0
 577.4342707808 8.51395416515078 0 0
 580.7689857375 8.05149816075336 0 0
 584.1037972832 7.3880817976226 0 0
 587.4386972201 6.54186710252871 0 0
 590.7736773504 5.66807177397665 0 0
 594.1087294763 4.83256067471053 0 0
 597.4438454 4.02608145496399 0 0
 600.7790169237 3.31609949502191 0 0
 604.1142358496 2.76146506654736 0 0
 607.4494939799 2.3854728236097 0 0
 610.7847831168 2.15365341469514 0 0
 614.1200950625 2.00401991733083 0 0
 617.4554216192 1.88820127866701 0 0
 620.7907545891 1.78305973673616 0 0
 624.1260857744 1.67272116140699 0 0
 627.4614069773 1.56133086820318 0 0
 630.79671 1.46676875287557 0 0
 634.1319866447 1.39508566075166 0 0
 637.4672287136 1.33569230239864 0 0
 640.8024280089 1.26677284022124 0 0
 644.1375763328 1.18491156295183 0 0
 647.4726654875 1.09022973689612 0 0
 650.8076872752 0.980197984565105 0 0
 654.1426334981 0.859252584148497 0 0
 657.4774959584 0.743576732782275 0 0
 660.8122664583 0.660891234875157 0 0
 664.1469368 0.602621782755292 0 0
 667.4814987857 0.55732904576013 0 0
 670.8159442176 0.520296266336349 0 0
 674.1502648979 0.485346596815671 0 0
 677.4844526288 0.44689884243547 0 0
 680.8184992125 0.401074719359864 0 0
 684.1523964512 0.348385963375848 0 0
 687.4861361471 0.292509939293955 0 0
 690.8197101024 0.241272971683382 0 0
 694.1531101193 0.200195483635888 0 0
 697.486328 0.158854487416736 0 0
 700.8193555467 0.118432894049675 0 0
 704.1521845616 0.0832230787670392 0 0
 707.4848068469 0.055174874430237 0 0
 710.8172142048 0.0342470379843197 0 0
 714.1493984375 0.0255330941530676 0 0
 717.4813513472 0.0173189446783348 0 0
 720.8130647361 0.0131942578844222 0 0
 724.1445304064 0.00746895936291745 0 0
 727.4757401603 0.00856523673054826 0 0
 730.8066858 0.00479053345416895 0 0
 734.1373591277 0.00522869589951828 0 0
 737.4677519456 0.00723626465918843 0 0
 740.7978560559 0.00857312474414403 0 0
 744.1276632608 0.0026024797672687 0 0
 747.4571653625 0.00361298598979705 0 0
 750.7863541632 0.00374938328477842 0 0
 754.1152214651 0.00359491678936257 0 0
 757.4437590704 0.0059999813599287 0 0
 760.7719587813 0.00768291117952354 0 0
 764.0998124 0.00562289971545261 0 0
 767.4273117287 0.00413707068875416 0 0
 770.7544485696 0.00557901961057846 0 0
 774.0812147249 0.00368253565041278 0 0
 777.4076019968 0.0101558878902698 0 0
 780.7336021875 0.00961928300862134 0 0
 784.0592070992 0.00814821127810994 0 0
 787.3844085341 0.00964625062390535 0 0
 790.7091982944 0.00769214627410768 0 0
 794.0335681823 0.00306711939469498 0 0
 797.35751 0.00330976832233353 0 0
 800.6810155497 0.0091169189656425 0 0
 804.0040766336 0.00742427059767278 0 0
 807.3266850539 0.00813733632432755 0 0
 810.6488326128 0.0067963187749024 0 0
 813.9705111125 0.00645408296667424 0 0
 817.2917123552 0.00846304801922349 0 0
 820.6124281431 0.00894101518809092 0 0
 823.9326502784 0.0105073031619391 0 0
 827.2523705633 0.0116335782342881 0 0
 830.5715808 0.0099791527993245 0 0
 833.8902727907 0.00917634782091441 0 0
 837.2084383376 0.00980576116594897 0 0
 840.5260692429 0.00638983465952148 0 0
 843.8431573088 0.01188035456686 0 0
 847.1596943375 0.0207409161747797 0 0
 850.4756721312 0.00952299374177571 0 0
 853.7910824921 0 0 0
 857.1059172224 0 0 0
 860.4201681243 0.00518416975469742 0 0
 863.733827 0.0032333102875259 0 0
 867.0468856517 0.0144903211584919 0 0
 870.3593358816 0.00820044977951948 0 0
 873.6711694919 0.0134269942792211 0 0
 876.9823782848 0.00126249380137752 0 0
 880.2929540625 0 0 0
 883.6028886272 0.00313302414643532 0 0
 886.9121737811 0.00556424842013484 0 0
 890.2208013264 0.00780931207498758 0 0
 893.5287630653 0.00372572890636009 0 0
 896.8360508 0.00854815801786873 0 0
 900.1426563327 0.00363645548882848 0 0
 903.4485714656 0.00867196237460737 0 0
 906.7537880009 0 0 0
 910.0582977408 0 0 0
 913.3620924875 0.00339018649628373 0 0
 916.6651640432 0.0133130130668399 0 0
 919.9675042101 0.00561239218636381 0 0
 923.2691047904 0 0 0
 926.5699575863 0 0 0
 929.8700544 0 0 0
 933.1693870337 0.0105424561865503 0 0
 936.4679472896 0.0129576019427647 0 0
 939.7657269699 0.00258041501104622 0 0
 943.0627178768 0.0102772229942517 0 0
 946.3589118125 0.00278578449263725 0 0
 949.6543005792 0.00719556485135087 0 0
 952.9488759791 0.00903999641850286 0 0
 956.2426298144 0.0144213317274263 0 0
 959.5355538873 0.0115306119447085 0 0
 962.82764 0.0179760011614375 0 0
 966.1188799547 0 0 0
 969.4092655536 0 0 0
 972.6987885989 0.0296873863445749 0 0
 975.9874408928 0.00479009197395723 0 0
 979.2752142375 0.0152243113663015 0 0
 982.5621004352 0.0189959358745682 0 0
 985.8480912881 0.062319319883432 0 0
 989.1331785984 0.0375367069882305 0 0
 992.4173541683 0 0 0
 995.7006098 0 0 0
 998.9829372957 0.0657086157588532 0 0
 1002.2643284576 0.0860201620788741 0 0
 1005.5447750879 0.0609906129955949 0 0
 1008.8242689888 0.0719342839371104 0 0
 1012.1028019625 0.0647196062761781 0 0
 1015.3803658112 0.0058499384594969 0 0
 1018.6569523371 0.0130116353944884 0 0
 1021.9325533424 0 0 0
 1025.2071606293 0.281220641913048 0 0
 1028.480766 0.40225212204621 0 0
 1031.7533612567 0.411919073239868 0 0
 1035.0249382016 0 0 0
 1038.2954886369 0 0 0
 1041.5650043648 0 0 0
 1044.8334771875 0 0 0
 1048.1008989072 0 0 0
 1051.3672613261 0 0 0
 1054.6325562464 0 0 0
 1057.8967754703 0 0 0
 1061.1599108 0 0 0
 1064.4219540377 0 0 0
 1067.6828969856 0 0 0
 1070.9427314459 0 0 0
 1074.2014492208 0 0 0
 1077.4590421125 0 0 0
 1080.7155019232 0 0 0
 1083.9708204551 0 0 0
 1087.2249895104 0 0 0
 1090.4780008913 0 0 0
 1093.7298464 0 0 0
 1096.9805178387 0 0 0
 1100.2300070096 0 0 0
 1103.4783057149 0 0 0
 1106.7254057568 0 0 0
 1109.9712989375 0 0 0
 1113.2159770592 0 0 0
 1116.4594319241 0 0 0
 1119.7016553344 0 0 0
 1122.9426390923 0 0 0
 1126.182375 0 0 0
 1129.4208548597 0 0 0
 1132.6580704736 0 0 0
 1135.8940136439 0 0 0
 1139.1286761728 0 0 0
 1142.3620498625 0 0 0
 1145.5941265152 0 0 0
[END] of [DATA]
[END] of [Spectrum]

