[Spectrum]
Version            = 1
IDData             = 2CAE_2016-03-07_13-06-20_157_304
IDDevice           = SAM_8175
IDDataType         = SPECTRUM
IDDataTypeSub1     = CALIBRATED
IDDataTypeSub2     = 
IDDataTypeSub3     = 
DateTime           = 2016-03-07 13:06:20
PositionLatitude   = 0
PositionLongitude  = 0
Comment            = 
CommentSub1        = 
CommentSub2        = 
CommentSub3        = 
IDMethodType       = SAM Control
MethodName         = SAM_8175
Mission            = 
MissionSub         = 1
RecordType         = 0

[Attributes]
CalFactor = 1
IDBasisSpec = 
IDDataBack = 2004-03-29_14-59-06_000_254
IDDataCal = 2004-09-29_03-00-00
IntegrationTime = 128
P31 = -1
P31e = 0
PathLength = +INF
RAWDynamic = 65535
Temperature = +NAN
Unit1 = $01 $01 Wavelength nm
Unit2 = $03 $06 Intensity mW/(m^2 nm)
Unit3 = $f0 $06 Error mW/(m^2 nm)
Unit4 = $f1 $00 Status 
[END] of [Attributes]
[DATA]
 0 6 0 0
 305.14988776048 0 0 0
 308.45931630612 0 0 0
 311.76939137984 0 0 0
 315.080105545 0 0 0
 318.39145136496 0 0 0
 321.70342140308 0 0 0
 325.01600822272 25.9406868257089 0 0
 328.32920438724 31.1540395303996 0 0
 331.64300246 34.2459870405781 0 0
 334.95739500436 36.2134179392153 0 0
 338.27237458368 38.4127112066029 0 0
 341.58793376132 40.175440684066 0 0
 344.90406510064 42.0243479439028 0 0
 348.220761165 44.0292841583198 0 0
 351.53801451776 46.3118467893482 0 0
 354.85581772228 47.1032410707783 0 0
 358.17416334192 47.5189261405579 0 0
 361.49304394004 50.5462232684001 0 0
 364.81245208 55.9457361799333 0 0
 368.13238032516 59.3773255400068 0 0
 371.45282123888 59.3503918865545 0 0
 374.77376738452 59.5552139290084 0 0
 378.09521132544 59.8679968286104 0 0
 381.417145625 57.6969388487111 0 0
 384.73956284656 56.3564764430851 0 0
 388.06245555348 58.7119474846787 0 0
 391.38581630912 60.804806920503 0 0
 394.70963767684 64.5481006529419 0 0
 398.03391222 76.4495055855888 0 0
 401.35863250196 90.2686670837093 0 0
 404.68379108608 97.2243151756354 0 0
 408.00938053572 99.8740610292178 0 0
 411.33539341424 103.05890942322 0 0
 414.661822285 105.563188544787 0 0
 417.98865971136 106.158705636543 0 0
 421.31589825668 105.563789648975 0 0
 424.64353048432 103.300847424075 0 0
 427.97154895764 99.7302542295816 0 0
 431.29994624 100.406464484992 0 0
 434.62871489476 105.793846739144 0 0
 437.95784748528 111.515941948864 0 0
 441.28733657492 116.572497416854 0 0
 444.61717472704 122.0036216258 0 0
 447.947354505 126.669351163018 0 0
 451.27786847216 129.709105505075 0 0
 454.60870919188 131.118575258753 0 0
 457.93986922752 131.97230229631 0 0
 461.27134114244 132.479695312037 0 0
 464.6031175 131.751465510354 0 0
 467.93519086356 130.517907502667 0 0
 471.26755379648 130.222216395523 0 0
 474.60019886212 130.722424191029 0 0
 477.93311862384 131.375446048561 0 0
 481.266305645 130.26047149912 0 0
 484.59975248896 127.369633329855 0 0
 487.93345171908 125.59390015904 0 0
 491.26739589872 126.492153284296 0 0
 494.60157759124 127.397149722606 0 0
 497.93598936 126.405697033428 0 0
 501.27062376836 125.014393862484 0 0
 504.60547337968 124.982366277342 0 0
 507.94053075732 125.401103053454 0 0
 511.27578846464 124.316978141477 0 0
 514.611239065 121.486376106281 0 0
 517.94687512176 119.832319061408 0 0
 521.28268919828 120.440500741368 0 0
 524.61867385792 121.636591073977 0 0
 527.95482166404 122.530437907449 0 0
 531.29112518 123.264802501785 0 0
 534.62757696916 123.259214172182 0 0
 537.96416959488 122.57629417542 0 0
 541.30089562052 121.884811691665 0 0
 544.63774760944 121.867832168134 0 0
 547.974718125 122.027361539488 0 0
 551.31179973056 121.822890381953 0 0
 554.64898498948 120.905341865552 0 0
 557.98626646512 119.578937102901 0 0
 561.32363672084 118.251451450801 0 0
 564.66108832 116.904987484223 0 0
 567.99861382596 115.399079798128 0 0
 571.33620580208 114.080971562858 0 0
 574.67385681172 113.421155954488 0 0
 578.01155941824 113.651242998408 0 0
 581.349306185 114.15989627867 0 0
 584.68708967536 113.381433781104 0 0
 588.02490245268 111.851990883928 0 0
 591.36273708032 110.830330362747 0 0
 594.70058612164 110.523922872584 0 0
 598.03844214 110.677977601032 0 0
 601.37629769876 111.139217579262 0 0
 604.71414536128 111.374100253013 0 0
 608.05197769092 111.194495945691 0 0
 611.38978725104 110.543848961807 0 0
 614.727566605 109.657437979414 0 0
 618.06530831616 108.929742150171 0 0
 621.40300494788 107.9679684024 0 0
 624.74064906352 106.360776067739 0 0
 628.07823322644 104.674188730265 0 0
 631.41575 104.155897809392 0 0
 634.75319194756 105.004269004127 0 0
 638.09055163248 105.912651090003 0 0
 641.42782161812 105.715305805504 0 0
 644.76499446784 104.250157487441 0 0
 648.102062745 102.510542283646 0 0
 651.43901901296 100.958362422582 0 0
 654.77585583508 100.26431186507 0 0
 658.11256577472 101.005083521134 0 0
 661.44914139524 102.593899670853 0 0
 664.78557526 103.500139814996 0 0
 668.12185993236 103.636897489625 0 0
 671.45798797568 103.299423032738 0 0
 674.79395195332 102.547898447849 0 0
 678.12974442864 100.970180446667 0 0
 681.465357965 97.4305079170255 0 0
 684.80078512576 92.3308798699999 0 0
 688.13601847428 88.5901188327179 0 0
 691.47105057392 88.3191216316294 0 0
 694.80587398804 89.8621092637321 0 0
 698.14048128 91.4066371866803 0 0
 701.47486501316 92.6290595482744 0 0
 704.80901775088 93.4963758271261 0 0
 708.14293205652 93.3212958761462 0 0
 711.47660049344 90.6129010716327 0 0
 714.810015625 85.3183117118917 0 0
 718.14317001456 79.8445431745748 0 0
 721.47605622548 76.5435771867314 0 0
 724.80866682112 75.7100145746496 0 0
 728.14099436484 77.1832563746952 0 0
 731.47303142 80.5397960646195 0 0
 734.80477054996 84.3143021471256 0 0
 738.13620431808 87.3017491685192 0 0
 741.46732528772 89.316152000375 0 0
 744.79812602224 90.326062526797 0 0
 748.128599085 89.9104759397507 0 0
 751.45873703936 86.9063517256437 0 0
 754.78853244868 78.371890896737 0 0
 758.11797787632 65.2018825201896 0 0
 761.44706588564 56.2560311252438 0 0
 764.77578904 58.8234960377393 0 0
 768.10413990276 68.3702862385208 0 0
 771.43211103728 76.8636148683178 0 0
 774.75969500692 81.7108874871691 0 0
 778.08688437504 83.724540450016 0 0
 781.413671705 84.0207260165258 0 0
 784.74004956016 83.239739231648 0 0
 788.06601050388 81.7560911914382 0 0
 791.39154709952 80.3729932046813 0 0
 794.71665191044 79.1716443390367 0 0
 798.0413175 78.2639528557901 0 0
 801.36553643156 77.2746336752543 0 0
 804.68930126848 75.8413907602153 0 0
 808.01260457412 73.0579248786303 0 0
 811.33543891184 68.3715404383736 0 0
 814.657796845 63.5154565958585 0 0
 817.97967093696 60.6335331395016 0 0
 821.30105375108 60.1017005133744 0 0
 824.62193785072 60.8927454324044 0 0
 827.94231579924 62.2611269050472 0 0
 831.26218016 64.2682798250825 0 0
 834.58152349636 66.618848400006 0 0
 837.90033837168 68.868449909065 0 0
 841.21861734932 70.3573694893791 0 0
 844.53635299264 70.6988569348013 0 0
 847.853537865 70.1190955122511 0 0
 851.17016452976 69.0780599243653 0 0
 854.48622555028 68.6561857942625 0 0
 857.80171348992 68.6208083956289 0 0
 861.11662091204 68.2194915562222 0 0
 864.43094038 67.2994862033673 0 0
 867.74466445716 66.5609753470735 0 0
 871.05778570688 66.1898765553152 0 0
 874.37029669252 65.7326010806807 0 0
 877.68218997744 65.0953772495739 0 0
 880.993458125 64.3066395384916 0 0
 884.30409369856 63.3538388757947 0 0
 887.61408926148 61.7382917342548 0 0
 890.92343737712 58.5147591011869 0 0
 894.23213060884 53.6068848544655 0 0
 897.54016152 48.8615456394354 0 0
 900.84752267396 46.0137676388627 0 0
 904.15420663408 44.7041098597803 0 0
 907.46020596372 43.1773700071941 0 0
 910.76551322624 41.7100519375602 0 0
 914.070120985 41.2253386963402 0 0
 917.37402180336 41.8414550545154 0 0
 920.67720824468 42.4171452770239 0 0
 923.97967287232 40.3901888962539 0 0
 927.28140824964 34.7693918790039 0 0
 930.58240694 26.8275992040125 0 0
 933.88266150676 20.4868829842596 0 0
 937.18216451328 17.7291704274932 0 0
 940.48090852292 17.3666986185483 0 0
 943.77888609904 17.3862895098071 0 0
 947.076089805 17.6839206440179 0 0
 950.37251220416 18.473497662779 0 0
 953.66814585988 19.6659178065697 0 0
 956.96298333552 0 0 0
 960.25701719444 0 0 0
 963.55024 0 0 0
 966.84264431556 0 0 0
 970.13422270448 0 0 0
 973.42496773012 0 0 0
 976.71487195584 0 0 0
 980.003927945 0 0 0
 983.29212826096 0 0 0
 986.57946546708 0 0 0
 989.86593212672 0 0 0
 993.15152080324 0 0 0
 996.43622406 0 0 0
 999.72003446036 0 0 0
 1003.00294456768 0 0 0
 1006.28494694532 0 0 0
 1009.56603415664 0 0 0
 1012.846198765 0 0 0
 1016.12543333376 0 0 0
 1019.40373042628 0 0 0
 1022.68108260592 0 0 0
 1025.95748243604 0 0 0
 1029.23292248 0 0 0
 1032.50739530116 0 0 0
 1035.78089346288 0 0 0
 1039.05340952852 0 0 0
 1042.32493606144 0 0 0
 1045.595465625 0 0 0
 1048.86499078256 0 0 0
 1052.13350409748 0 0 0
 1055.40099813312 0 0 0
 1058.66746545284 0 0 0
 1061.93289862 0 0 0
 1065.19729019796 0 0 0
 1068.46063275008 0 0 0
 1071.72291883972 0 0 0
 1074.98414103024 0 0 0
 1078.244291885 0 0 0
 1081.50336396736 0 0 0
 1084.76134984068 0 0 0
 1088.01824206832 0 0 0
 1091.27403321364 0 0 0
 1094.52871584 0 0 0
 1097.78228251076 0 0 0
 1101.03472578928 0 0 0
 1104.28603823892 0 0 0
 1107.53621242304 0 0 0
 1110.785240905 0 0 0
 1114.03311624816 0 0 0
 1117.27983101588 0 0 0
 1120.52537777152 0 0 0
 1123.76974907844 0 0 0
 1127.0129375 0 0 0
 1130.25493559956 0 0 0
 1133.49573594048 0 0 0
 1136.73533108612 0 0 0
 1139.97371359984 0 0 0
 1143.210876045 0 0 0
 1146.44681098496 0 0 0
[END] of [DATA]
[END] of [Spectrum]

