[Spectrum]
Version            = 1
IDData             = 2CAE_2016-03-07_13-07-05_132_328
IDDevice           = SAM_8175
IDDataType         = SPECTRUM
IDDataTypeSub1     = CALIBRATED
IDDataTypeSub2     = 
IDDataTypeSub3     = 
DateTime           = 2016-03-07 13:07:05
PositionLatitude   = 0
PositionLongitude  = 0
Comment            = 
CommentSub1        = 
CommentSub2        = 
CommentSub3        = 
IDMethodType       = SAM Control
MethodName         = SAM_8175
Mission            = 
MissionSub         = 1
RecordType         = 0

[Attributes]
CalFactor = 1
IDBasisSpec = 
IDDataBack = 2004-03-29_14-59-06_000_254
IDDataCal = 2004-09-29_03-00-00
IntegrationTime = 128
P31 = -1
P31e = 0
PathLength = +INF
RAWDynamic = 65535
Temperature = +NAN
Unit1 = $01 $01 Wavelength nm
Unit2 = $03 $06 Intensity mW/(m^2 nm)
Unit3 = $f0 $06 Error mW/(m^2 nm)
Unit4 = $f1 $00 Status 
[END] of [Attributes]
[DATA]
 0 6 0 0
 305.14988776048 0 0 0
 308.45931630612 0 0 0
 311.76939137984 0 0 0
 315.080105545 0 0 0
 318.39145136496 0 0 0
 321.70342140308 0 0 0
 325.01600822272 25.8490500375053 0 0
 328.32920438724 31.0310966287145 0 0
 331.64300246 34.1775323076933 0 0
 334.95739500436 36.1338337329584 0 0
 338.27237458368 38.3235288904257 0 0
 341.58793376132 40.023525245723 0 0
 344.90406510064 41.8325426007689 0 0
 348.220761165 43.8605072996754 0 0
 351.53801451776 46.1785208518164 0 0
 354.85581772228 46.9695185418608 0 0
 358.17416334192 47.3692561146356 0 0
 361.49304394004 50.4024183451605 0 0
 364.81245208 55.8221815951759 0 0
 368.13238032516 59.2496057955434 0 0
 371.45282123888 59.1848778842261 0 0
 374.77376738452 59.3996797503627 0 0
 378.09521132544 59.7379334608236 0 0
 381.417145625 57.5554075830443 0 0
 384.73956284656 56.2280875682882 0 0
 388.06245555348 58.5847169351197 0 0
 391.38581630912 60.7214435764545 0 0
 394.70963767684 64.4435461291966 0 0
 398.03391222 76.3213066670605 0 0
 401.35863250196 90.1190168844424 0 0
 404.68379108608 97.0271345781654 0 0
 408.00938053572 99.7808699391211 0 0
 411.33539341424 102.936828324218 0 0
 414.661822285 105.429919248963 0 0
 417.98865971136 106.059702375063 0 0
 421.31589825668 105.457793255796 0 0
 424.64353048432 103.20352501511 0 0
 427.97154895764 99.6520421110039 0 0
 431.29994624 100.306855299799 0 0
 434.62871489476 105.728738337899 0 0
 437.95784748528 111.470249604059 0 0
 441.28733657492 116.499160710866 0 0
 444.61717472704 121.935497302407 0 0
 447.947354505 126.631712569703 0 0
 451.27786847216 129.691804786069 0 0
 454.60870919188 131.064014330682 0 0
 457.93986922752 131.957035610035 0 0
 461.27134114244 132.450275834937 0 0
 464.6031175 131.749581468923 0 0
 467.93519086356 130.489945822723 0 0
 471.26755379648 130.235022514761 0 0
 474.60019886212 130.702358366847 0 0
 477.93311862384 131.35509512065 0 0
 481.266305645 130.307721950776 0 0
 484.59975248896 127.423330857668 0 0
 487.93345171908 125.610424377423 0 0
 491.26739589872 126.56103197872 0 0
 494.60157759124 127.392038951808 0 0
 497.93598936 126.470626185687 0 0
 501.27062376836 125.109069937481 0 0
 504.60547337968 125.076565673415 0 0
 507.94053075732 125.482721144068 0 0
 511.27578846464 124.42151683119 0 0
 514.611239065 121.55749292853 0 0
 517.94687512176 119.919812725539 0 0
 521.28268919828 120.566622824699 0 0
 524.61867385792 121.783303187175 0 0
 527.95482166404 122.691546441781 0 0
 531.29112518 123.404399743385 0 0
 534.62757696916 123.439452583844 0 0
 537.96416959488 122.793538569687 0 0
 541.30089562052 122.164270202969 0 0
 544.63774760944 122.144347192942 0 0
 547.974718125 122.30423165606 0 0
 551.31179973056 122.118385202172 0 0
 554.64898498948 121.18194562252 0 0
 557.98626646512 119.832377084872 0 0
 561.32363672084 118.512412544074 0 0
 564.66108832 117.169518382529 0 0
 567.99861382596 115.688802313633 0 0
 571.33620580208 114.390197928182 0 0
 574.67385681172 113.778592703161 0 0
 578.01155941824 113.970456961503 0 0
 581.349306185 114.492219258597 0 0
 584.68708967536 113.701573359687 0 0
 588.02490245268 112.136755615333 0 0
 591.36273708032 111.155075208557 0 0
 594.70058612164 110.835916245578 0 0
 598.03844214 111.004342853378 0 0
 601.37629769876 111.461177285482 0 0
 604.71414536128 111.704106069613 0 0
 608.05197769092 111.505259800192 0 0
 611.38978725104 110.879027202347 0 0
 614.727566605 110.035159359289 0 0
 618.06530831616 109.275537187745 0 0
 621.40300494788 108.308854100158 0 0
 624.74064906352 106.680745047615 0 0
 628.07823322644 104.976131396162 0 0
 631.41575 104.45751821123 0 0
 634.75319194756 105.282002367563 0 0
 638.09055163248 106.216510491784 0 0
 641.42782161812 106.003618484723 0 0
 644.76499446784 104.543178293941 0 0
 648.102062745 102.784675785499 0 0
 651.43901901296 101.257662190858 0 0
 654.77585583508 100.567579249278 0 0
 658.11256577472 101.329073086916 0 0
 661.44914139524 102.925351626959 0 0
 664.78557526 103.859732725843 0 0
 668.12185993236 103.989372430252 0 0
 671.45798797568 103.592264732919 0 0
 674.79395195332 102.854745626599 0 0
 678.12974442864 101.269604459214 0 0
 681.465357965 97.758406646016 0 0
 684.80078512576 92.6349144771649 0 0
 688.13601847428 88.9281173421472 0 0
 691.47105057392 88.6637317268918 0 0
 694.80587398804 90.1935658087422 0 0
 698.14048128 91.765313579923 0 0
 701.47486501316 92.9556637982982 0 0
 704.80901775088 93.7991551740591 0 0
 708.14293205652 93.6141704845489 0 0
 711.47660049344 90.9143345255702 0 0
 714.810015625 85.643144501362 0 0
 718.14317001456 80.1396631108542 0 0
 721.47605622548 76.8462498265638 0 0
 724.80866682112 76.0677212057399 0 0
 728.14099436484 77.4858690314206 0 0
 731.47303142 80.8623547801661 0 0
 734.80477054996 84.6380511452059 0 0
 738.13620431808 87.5970639571838 0 0
 741.46732528772 89.5917121547512 0 0
 744.79812602224 90.611984438702 0 0
 748.128599085 90.2124652192904 0 0
 751.45873703936 87.2034648027886 0 0
 754.78853244868 78.6477905892473 0 0
 758.11797787632 65.4110762542238 0 0
 761.44706588564 56.4759090600262 0 0
 764.77578904 59.0134125059096 0 0
 768.10413990276 68.6610466701572 0 0
 771.43211103728 77.1608496980684 0 0
 774.75969500692 82.0140656556496 0 0
 778.08688437504 84.0461691339647 0 0
 781.413671705 84.3290572697517 0 0
 784.74004956016 83.5011028825643 0 0
 788.06601050388 82.0499980153974 0 0
 791.39154709952 80.6388799931307 0 0
 794.71665191044 79.507694250714 0 0
 798.0413175 78.5212268410823 0 0
 801.36553643156 77.5839807812919 0 0
 804.68930126848 76.1597972175431 0 0
 808.01260457412 73.315135167164 0 0
 811.33543891184 68.7199125559117 0 0
 814.657796845 63.8170530319369 0 0
 817.97967093696 60.8847258746762 0 0
 821.30105375108 60.3811570483747 0 0
 824.62193785072 61.1545372945651 0 0
 827.94231579924 62.5425189111242 0 0
 831.26218016 64.4777867034226 0 0
 834.58152349636 66.8463438222783 0 0
 837.90033837168 69.147452226315 0 0
 841.21861734932 70.5315466109845 0 0
 844.53635299264 71.1000738258487 0 0
 847.853537865 70.3755137107964 0 0
 851.17016452976 69.3413849668748 0 0
 854.48622555028 68.8504230887342 0 0
 857.80171348992 68.9113735499713 0 0
 861.11662091204 68.4649684409359 0 0
 864.43094038 67.4969483876759 0 0
 867.74466445716 66.8215407861634 0 0
 871.05778570688 66.4004032205589 0 0
 874.37029669252 65.9203096721112 0 0
 877.68218997744 65.3059000121413 0 0
 880.993458125 64.5747695381051 0 0
 884.30409369856 63.6838186257224 0 0
 887.61408926148 61.9392719217762 0 0
 890.92343737712 58.7423395912289 0 0
 894.23213060884 53.8432636691449 0 0
 897.54016152 48.9876926403991 0 0
 900.84752267396 46.3311966432129 0 0
 904.15420663408 45.0553431176322 0 0
 907.46020596372 43.3635289978901 0 0
 910.76551322624 41.8105602006979 0 0
 914.070120985 41.4260074804623 0 0
 917.37402180336 42.1499520368058 0 0
 920.67720824468 42.6849947610968 0 0
 923.97967287232 40.8563609736117 0 0
 927.28140824964 35.0573014211344 0 0
 930.58240694 27.127096692085 0 0
 933.88266150676 20.6776684427614 0 0
 937.18216451328 18.0237125432704 0 0
 940.48090852292 17.6757636392308 0 0
 943.77888609904 17.502654995098 0 0
 947.076089805 17.8067710558965 0 0
 950.37251220416 18.8351984019343 0 0
 953.66814585988 20.0859794673134 0 0
 956.96298333552 0 0 0
 960.25701719444 0 0 0
 963.55024 0 0 0
 966.84264431556 0 0 0
 970.13422270448 0 0 0
 973.42496773012 0 0 0
 976.71487195584 0 0 0
 980.003927945 0 0 0
 983.29212826096 0 0 0
 986.57946546708 0 0 0
 989.86593212672 0 0 0
 993.15152080324 0 0 0
 996.43622406 0 0 0
 999.72003446036 0 0 0
 1003.00294456768 0 0 0
 1006.28494694532 0 0 0
 1009.56603415664 0 0 0
 1012.846198765 0 0 0
 1016.12543333376 0 0 0
 1019.40373042628 0 0 0
 1022.68108260592 0 0 0
 1025.95748243604 0 0 0
 1029.23292248 0 0 0
 1032.50739530116 0 0 0
 1035.78089346288 0 0 0
 1039.05340952852 0 0 0
 1042.32493606144 0 0 0
 1045.595465625 0 0 0
 1048.86499078256 0 0 0
 1052.13350409748 0 0 0
 1055.40099813312 0 0 0
 1058.66746545284 0 0 0
 1061.93289862 0 0 0
 1065.19729019796 0 0 0
 1068.46063275008 0 0 0
 1071.72291883972 0 0 0
 1074.98414103024 0 0 0
 1078.244291885 0 0 0
 1081.50336396736 0 0 0
 1084.76134984068 0 0 0
 1088.01824206832 0 0 0
 1091.27403321364 0 0 0
 1094.52871584 0 0 0
 1097.78228251076 0 0 0
 1101.03472578928 0 0 0
 1104.28603823892 0 0 0
 1107.53621242304 0 0 0
 1110.785240905 0 0 0
 1114.03311624816 0 0 0
 1117.27983101588 0 0 0
 1120.52537777152 0 0 0
 1123.76974907844 0 0 0
 1127.0129375 0 0 0
 1130.25493559956 0 0 0
 1133.49573594048 0 0 0
 1136.73533108612 0 0 0
 1139.97371359984 0 0 0
 1143.210876045 0 0 0
 1146.44681098496 0 0 0
[END] of [DATA]
[END] of [Spectrum]

