[Spectrum]
Version            = 1
IDData             = 2CAE_2016-03-07_13-07-02_559_331
IDDevice           = SAM_8078
IDDataType         = SPECTRUM
IDDataTypeSub1     = CALIBRATED
IDDataTypeSub2     = 
IDDataTypeSub3     = 
DateTime           = 2016-03-07 13:07:02
PositionLatitude   = 0
PositionLongitude  = 0
Comment            = 
CommentSub1        = 
CommentSub2        = 
CommentSub3        = 
IDMethodType       = SAM Control
MethodName         = SAM_8078
Mission            = 
MissionSub         = 1
RecordType         = 0

[Attributes]
CalFactor = 1
IDBasisSpec = 
IDDataBack = 4376_2005-06-03_08-51-10_580_728
IDDataCal = 4376_2005-06-03_08-59-08_037_775
IntegrationTime = 4096
P31 = -1
P31e = 0
PathLength = +INF
RAWDynamic = 65535
Temperature = +NAN
Unit1 = $01 $01 Wavelength nm
Unit2 = $03 $06 Intensity mW/(m^2 nm)
Unit3 = $f0 $06 Error mW/(m^2 nm)
Unit4 = $f1 $00 Status 
[END] of [Attributes]
[DATA]
 0 11 0 0
 308.712820524931 +NAN 0 0
 311.996363561261 +NAN 0 0
 315.280411366537 +NAN 0 0
 318.564953380537 0.00364808959238039 0 0
 321.849979043037 0.00486814807549015 0 0
 325.135477793817 0.00198980312205946 0 0
 328.421439072653 0.000997179757452809 0 0
 331.707852319322 0.00236394300612195 0 0
 334.994706973602 0.000740671463345814 0 0
 338.281992475271 0.00112011890101452 0 0
 341.569698264106 0.00125060968795827 0 0
 344.857813779884 0 0 0
 348.146328462383 0.0011762378735628 0 0
 351.43523175138 0.00249385010219568 0 0
 354.724513086654 0.00040007515947002 0 0
 358.014161907981 0.000249134954528277 0 0
 361.304167655138 0.000139104810184892 0 0
 364.594519767904 0 0 0
 367.885207686056 0.00137319095234556 0 0
 371.176220849371 0.0016218218913301 0 0
 374.467548697627 0.00077560249057054 0 0
 377.7591806706 0.0011977211789104 0 0
 381.05110620807 0.00193401980486367 0 0
 384.343314749813 0.00169976083160697 0 0
 387.635795735606 0.000788165959112203 0 0
 390.928538605227 0.00183964240741556 0 0
 394.221532798454 0.00202082242543489 0 0
 397.514767755064 0.00237956097815773 0 0
 400.808232914834 0.00383841079214194 0 0
 404.101917717542 0.00586138860606594 0 0
 407.395811602966 0.00635419462917265 0 0
 410.689904010883 0.00808262841987689 0 0
 413.98418438107 0.0111650123248545 0 0
 417.278642153305 0.0127907390641789 0 0
 420.573266767365 0.0154805368985511 0 0
 423.868047663028 0.0186227297063991 0 0
 427.162974280071 0.0219446748248098 0 0
 430.458036058272 0.0267070291054288 0 0
 433.753222437408 0.0329575902771882 0 0
 437.048522857257 0.0415923709424643 0 0
 440.343926757596 0.0508598127144393 0 0
 443.639423578202 0.0634486798142491 0 0
 446.935002758854 0.0748064226634431 0 0
 450.230653739329 0.0889604601419006 0 0
 453.526365959403 0.103160071196846 0 0
 456.822128858855 0.119312350573946 0 0
 460.117931877461 0.133563490033797 0 0
 463.413764455001 0.149689711257779 0 0
 466.70961603125 0.166186880516494 0 0
 470.005476045987 0.182277505744789 0 0
 473.301333938988 0.203061628941843 0 0
 476.597179150032 0.225503084399396 0 0
 479.893001118896 0.246183332345623 0 0
 483.188789285357 0.261326559458781 0 0
 486.484533089192 0.278522017280284 0 0
 489.78022197018 0.298168090029872 0 0
 493.075845368098 0.322060016621769 0 0
 496.371392722723 0.340022254689809 0 0
 499.666853473832 0.352666322228317 0 0
 502.962217061204 0.365793345576879 0 0
 506.257472924615 0.379355176873879 0 0
 509.552610503843 0.386310364231627 0 0
 512.847619238666 0.383761425074837 0 0
 516.14248856886 0.384480676318372 0 0
 519.437207934205 0.396299679835899 0 0
 522.731766774476 0.416005347447644 0 0
 526.026154529452 0.433420027267663 0 0
 529.320360638909 0.449263538013542 0 0
 532.614374542626 0.462440992937807 0 0
 535.90818568038 0.469887590391196 0 0
 539.201783491948 0.474863774736778 0 0
 542.495157417108 0.479671326042827 0 0
 545.788296895637 0.482111621026808 0 0
 549.081191367312 0.483379162275776 0 0
 552.373830271912 0.483778675442735 0 0
 555.666203049214 0.481346751647358 0 0
 558.958299138995 0.477131025259549 0 0
 562.250107981032 0.472416625131365 0 0
 565.541619015104 0.465114267378351 0 0
 568.832821680987 0.452695938542486 0 0
 572.123705418459 0.435104460545778 0 0
 575.414259667298 0.413622843160692 0 0
 578.70447386728 0.389459389008525 0 0
 581.994337458184 0.35960422342563 0 0
 585.283839879787 0.322783058260825 0 0
 588.572970571867 0.277718489252308 0 0
 591.8617189742 0.23279220412616 0 0
 595.150074526565 0.192209345852923 0 0
 598.438026668738 0.154854820815427 0 0
 601.725564840498 0.125419060184028 0 0
 605.012678481621 0.106925393363487 0 0
 608.299357031886 0.0949892085865966 0 0
 611.585589931069 0.0871494302045045 0 0
 614.871366618949 0.0847043369080334 0 0
 618.156676535302 0.0780902827559299 0 0
 621.441509119906 0.0723573606224771 0 0
 624.725853812539 0.0689462007243991 0 0
 628.009700052978 0.0666810750310211 0 0
 631.293037281 0.0632088784620451 0 0
 634.575854936383 0.0604992292709817 0 0
 637.858142458905 0.0553072724456045 0 0
 641.139889288343 0.0547548663592711 0 0
 644.421084864474 0.0499909404802968 0 0
 647.701718627077 0.0484578507955302 0 0
 650.981780015927 0.0458663736084787 0 0
 654.261258470803 0.0394393463591126 0 0
 657.540143431483 0.0363630346225888 0 0
 660.818424337743 0.0309041527085086 0 0
 664.096090629362 0.0292180170667337 0 0
 667.373131746116 0.0265310549089277 0 0
 670.649537127784 0.0267809162768744 0 0
 673.925296214142 0.0258509501149265 0 0
 677.200398444969 0.0254963057138089 0 0
 680.47483326004 0.0232203117398852 0 0
 683.748590099136 0.0215950392695236 0 0
 687.021658402031 0.0176908020555524 0 0
 690.294027608505 0.014869672475192 0 0
 693.565687158334 0.0138968229778796 0 0
 696.836626491296 0.0108390602997557 0 0
 700.106835047168 0.00751043701567592 0 0
 703.376302265729 0.00695734594393785 0 0
 706.645017586755 0.00515155968511575 0 0
 709.912970450024 0.0026550763527194 0 0
 713.180150295313 0.00428009898671854 0 0
 716.446546562399 0.00179574332903139 0 0
 719.712148691061 0 0 0
 722.976946121076 0.000935754853244038 0 0
 726.240928292221 0.00123824501987355 0 0
 729.504084644274 0 0 0
 732.766404617012 0 0 0
 736.027877650212 0.00109540420620711 0 0
 739.288493183653 0.000275888078892796 0 0
 742.548240657111 0 0 0
 745.807109510364 0 0 0
 749.06508918319 0 0 0
 752.322169115366 0.00295510158792209 0 0
 755.578338746669 2.53780337695918e-05 0 0
 758.833587516878 0.00029498289156674 0 0
 762.087904865768 0.000331748667617186 0 0
 765.341280233118 0.000571187954476077 0 0
 768.593703058706 0 0 0
 771.845162782309 0.000195935401592099 0 0
 775.095648843704 0 0 0
 778.345150682669 0 0 0
 781.59365773898 0.00250927582535869 0 0
 784.841159452417 0.00331753825844965 0 0
 788.087645262756 0 0 0
 791.333104609774 0 0 0
 794.57752693325 0 0 0
 797.82090167296 0 0 0
 801.063218268682 0 0 0
 804.304466160194 0 0 0
 807.544634787273 0 0 0
 810.783713589696 0.00215066903345141 0 0
 814.021692007242 0 0 0
 817.258559479686 0 0 0
 820.494305446808 0 0 0
 823.728919348384 5.30779820894823e-05 0 0
 826.962390624192 0.00308818465280395 0 0
 830.194708714009 0.00311830098932476 0 0
 833.425863057613 0.000930494876000389 0 0
 836.655843094781 0.00140667625756743 0 0
 839.884638265291 0.00296200003999733 0 0
 843.11223800892 0.00176674869690074 0 0
 846.338631765446 0.000415006623069768 0 0
 849.563808974646 0 0 0
 852.787759076298 0 0 0
 856.010471510179 0 0 0
 859.231935716066 0.00398015373183915 0 0
 862.452141133737 0.00155817916000875 0 0
 865.67107720297 0 0 0
 868.888733363542 0.00495784947979848 0 0
 872.10509905523 0.00272673314450694 0 0
 875.320163717812 0.00031157210804909 0 0
 878.533916791066 0 0 0
 881.746347714769 0.000327908225129442 0 0
 884.957445928697 0.0104019545358461 0 0
 888.16720087263 0 0 0
 891.375601986344 0.00560791493823429 0 0
 894.582638709617 0.00121662445392069 0 0
 897.788300482226 0.00873830998822097 0 0
 900.992576743948 0 0 0
 904.195456934562 0.00526658199788711 0 0
 907.396930493844 0.00267341896351949 0 0
 910.596986861573 0.00139164418511144 0 0
 913.795615477525 0 0 0
 916.992805781479 0 0 0
 920.18854721321 0 0 0
 923.382829212498 0.000160530208254852 0 0
 926.575641219119 0.0163434966162416 0 0
 929.766972672851 0.00929313261212798 0 0
 932.956813013472 0.0230681078672967 0 0
 936.145151680759 0.0190936837999069 0 0
 939.331978114489 0.0155426284852375 0 0
 942.517281754439 0.0158714881050102 0 0
 945.701052040388 0.0207248436794571 0 0
 948.883278412113 0.00478964434632206 0 0
 952.063950309391 0.0293467347677588 0 0
 955.243057172 +NAN 0 0
 958.420588439717 +NAN 0 0
 961.59653355232 +NAN 0 0
 964.770881949585 +NAN 0 0
 967.943623071292 +NAN 0 0
 971.114746357217 +NAN 0 0
 974.284241247136 +NAN 0 0
 977.45209718083 +NAN 0 0
 980.618303598073 +NAN 0 0
 983.782849938645 +NAN 0 0
 986.945725642322 +NAN 0 0
 990.106920148882 +NAN 0 0
 993.266422898102 +NAN 0 0
 996.42422332976 +NAN 0 0
 999.580310883634 +NAN 0 0
 1002.7346749995 +NAN 0 0
 1005.88730511714 +NAN 0 0
 1009.03819067632 +NAN 0 0
 1012.18732111683 +NAN 0 0
 1015.33468587844 +NAN 0 0
 1018.48027440094 +NAN 0 0
 1021.62407612409 +NAN 0 0
 1024.76608048767 +NAN 0 0
 1027.90627693147 +NAN 0 0
 1031.04465489526 +NAN 0 0
 1034.18120381881 +NAN 0 0
 1037.31591314191 +NAN 0 0
 1040.44877230434 +NAN 0 0
 1043.57977074586 +NAN 0 0
 1046.70889790626 +NAN 0 0
 1049.83614322531 +NAN 0 0
 1052.9614961428 +NAN 0 0
 1056.0849460985 +NAN 0 0
 1059.20648253218 +NAN 0 0
 1062.32609488363 +NAN 0 0
 1065.44377259262 +NAN 0 0
 1068.55950509894 +NAN 0 0
 1071.67328184234 +NAN 0 0
 1074.78509226263 +NAN 0 0
 1077.89492579956 +NAN 0 0
 1081.00277189293 +NAN 0 0
 1084.1086199825 +NAN 0 0
 1087.21245950806 +NAN 0 0
 1090.31427990938 +NAN 0 0
 1093.41407062623 +NAN 0 0
 1096.51182109841 +NAN 0 0
 1099.60752076568 +NAN 0 0
 1102.70115906782 +NAN 0 0
 1105.79272544461 +NAN 0 0
 1108.88220933583 +NAN 0 0
 1111.96960018125 +NAN 0 0
 1115.05488742065 +NAN 0 0
 1118.13806049382 +NAN 0 0
 1121.21910884052 +NAN 0 0
 1124.29802190053 +NAN 0 0
 1127.37478911364 +NAN 0 0
 1130.44939991961 +NAN 0 0
[END] of [DATA]
[END] of [Spectrum]

