[Spectrum]
Version            = 1
IDData             = 2CAE_2016-03-07_13-05-50_424_297
IDDevice           = SAM_8078
IDDataType         = SPECTRUM
IDDataTypeSub1     = CALIBRATED
IDDataTypeSub2     = 
IDDataTypeSub3     = 
DateTime           = 2016-03-07 13:05:50
PositionLatitude   = 0
PositionLongitude  = 0
Comment            = 
CommentSub1        = 
CommentSub2        = 
CommentSub3        = 
IDMethodType       = SAM Control
MethodName         = SAM_8078
Mission            = 
MissionSub         = 1
RecordType         = 0

[Attributes]
CalFactor = 1
IDBasisSpec = 
IDDataBack = 4376_2005-06-03_08-51-10_580_728
IDDataCal = 4376_2005-06-03_08-59-08_037_775
IntegrationTime = 4096
P31 = -1
P31e = 0
PathLength = +INF
RAWDynamic = 65535
Temperature = +NAN
Unit1 = $01 $01 Wavelength nm
Unit2 = $03 $06 Intensity mW/(m^2 nm)
Unit3 = $f0 $06 Error mW/(m^2 nm)
Unit4 = $f1 $00 Status 
[END] of [Attributes]
[DATA]
 0 11 0 0
 308.712820524931 +NAN 0 0
 311.996363561261 +NAN 0 0
 315.280411366537 +NAN 0 0
 318.564953380537 0.0116914808247859 0 0
 321.849979043037 0.00808429446685374 0 0
 325.135477793817 0.00418520711444572 0 0
 328.421439072653 0.00368836236171923 0 0
 331.707852319322 0.00322986719132762 0 0
 334.994706973602 0.00203372796107992 0 0
 338.281992475271 0.0047067056252422 0 0
 341.569698264106 0.00242615901942356 0 0
 344.857813779884 0.000777768323611261 0 0
 348.146328462383 0.00160036191301 0 0
 351.43523175138 0.00273080382844682 0 0
 354.724513086654 0.00178551087080624 0 0
 358.014161907981 0.00317275121130079 0 0
 361.304167655138 0.00409673232908494 0 0
 364.594519767904 0.00267407806125426 0 0
 367.885207686056 0.00515844680340634 0 0
 371.176220849371 0.00313963452067377 0 0
 374.467548697627 0.00527292762747403 0 0
 377.7591806706 0.00785898281348152 0 0
 381.05110620807 0.00966760175774329 0 0
 384.343314749813 0.0116322005416484 0 0
 387.635795735606 0.0109810628771567 0 0
 390.928538605227 0.0143303915704703 0 0
 394.221532798454 0.0167887762117198 0 0
 397.514767755064 0.0235881334518136 0 0
 400.808232914834 0.0329872726368586 0 0
 404.101917717542 0.0416170322948545 0 0
 407.395811602966 0.0476328479141381 0 0
 410.689904010883 0.0560041351343002 0 0
 413.98418438107 0.0658724752290556 0 0
 417.278642153305 0.0741901496675438 0 0
 420.573266767365 0.0849141264743291 0 0
 423.868047663028 0.0940585243999112 0 0
 427.162974280071 0.101256835535089 0 0
 430.458036058272 0.112905818482122 0 0
 433.753222437408 0.130999337907542 0 0
 437.048522857257 0.153287089482716 0 0
 440.343926757596 0.176557648469851 0 0
 443.639423578202 0.204194930051116 0 0
 446.935002758854 0.231663054503771 0 0
 450.230653739329 0.25911201037714 0 0
 453.526365959403 0.285183091337277 0 0
 456.822128858855 0.310515956463756 0 0
 460.117931877461 0.334695200980386 0 0
 463.413764455001 0.3583214628109 0 0
 466.70961603125 0.381043282293268 0 0
 470.005476045987 0.404029068881683 0 0
 473.301333938988 0.432827060449 0 0
 476.597179150032 0.462295559395285 0 0
 479.893001118896 0.4890448648781 0 0
 483.188789285357 0.504631252520884 0 0
 486.484533089192 0.522087038058528 0 0
 489.78022197018 0.546689562404027 0 0
 493.075845368098 0.576806872426127 0 0
 496.371392722723 0.597424808382608 0 0
 499.666853473832 0.608429997264707 0 0
 502.962217061204 0.624143463088481 0 0
 506.257472924615 0.641527292411538 0 0
 509.552610503843 0.651807322302344 0 0
 512.847619238666 0.647488422967382 0 0
 516.14248856886 0.64585125122532 0 0
 519.437207934205 0.659286173200811 0 0
 522.731766774476 0.682822646015332 0 0
 526.026154529452 0.704371296342396 0 0
 529.320360638909 0.723615023016063 0 0
 532.614374542626 0.740648956449517 0 0
 535.90818568038 0.748367532207316 0 0
 539.201783491948 0.753777605387681 0 0
 542.495157417108 0.758079601054817 0 0
 545.788296895637 0.762203264780277 0 0
 549.081191367312 0.765025875673817 0 0
 552.373830271912 0.766596362631439 0 0
 555.666203049214 0.762326013929901 0 0
 558.958299138995 0.75596822591887 0 0
 562.250107981032 0.749644319610648 0 0
 565.541619015104 0.740192026309896 0 0
 568.832821680987 0.724301952115129 0 0
 572.123705418459 0.70385643052249 0 0
 575.414259667298 0.680970490756218 0 0
 578.70447386728 0.656889129834687 0 0
 581.994337458184 0.626472630964366 0 0
 585.283839879787 0.582251827974229 0 0
 588.572970571867 0.526186443416708 0 0
 591.8617189742 0.469280482976515 0 0
 595.150074526565 0.419173176474943 0 0
 598.438026668738 0.368873504137221 0 0
 601.725564840498 0.326175064745591 0 0
 605.012678481621 0.295116970658355 0 0
 608.299357031886 0.275298762471571 0 0
 611.585589931069 0.262349034987384 0 0
 614.871366618949 0.255223380075018 0 0
 618.156676535302 0.24549533136157 0 0
 621.441509119906 0.233476632617123 0 0
 624.725853812539 0.223688527824823 0 0
 628.009700052978 0.213876917786306 0 0
 631.293037281 0.207544957738453 0 0
 634.575854936383 0.203648214407711 0 0
 637.858142458905 0.1995108292953 0 0
 641.139889288343 0.196010698799538 0 0
 644.421084864474 0.186991710307349 0 0
 647.701718627077 0.178634702999965 0 0
 650.981780015927 0.168766099705543 0 0
 654.261258470803 0.155680669485005 0 0
 657.540143431483 0.147325776768881 0 0
 660.818424337743 0.139903071475714 0 0
 664.096090629362 0.133821105311055 0 0
 667.373131746116 0.128463539289317 0 0
 670.649537127784 0.127746833684496 0 0
 673.925296214142 0.126028815255654 0 0
 677.200398444969 0.124689278198088 0 0
 680.47483326004 0.120433347703456 0 0
 683.748590099136 0.112034293231524 0 0
 687.021658402031 0.0989660632241565 0 0
 690.294027608505 0.0879749311266978 0 0
 693.565687158334 0.0798664065343199 0 0
 696.836626491296 0.0709577375900705 0 0
 700.106835047168 0.0616815532441985 0 0
 703.376302265729 0.0537916695876367 0 0
 706.645017586755 0.0429821971031968 0 0
 709.912970450024 0.0319550172493942 0 0
 713.180150295313 0.0255328009320882 0 0
 716.446546562399 0.0158322949434997 0 0
 719.712148691061 0.0103947113414575 0 0
 722.976946121076 0.00844211578990926 0 0
 726.240928292221 0.00716867213719638 0 0
 729.504084644274 0.00252583671710885 0 0
 732.766404617012 0.00330212367258392 0 0
 736.027877650212 0.00264556982200314 0 0
 739.288493183653 0 0 0
 742.548240657111 0.00205643295091709 0 0
 745.807109510364 0.000778013761423458 0 0
 749.06508918319 0.00272947414363439 0 0
 752.322169115366 0.00226695300811101 0 0
 755.578338746669 0 0 0
 758.833587516878 0.000827777142509406 0 0
 762.087904865768 0.000450175583827452 0 0
 765.341280233118 0.00112793320001362 0 0
 768.593703058706 0.00133505774815752 0 0
 771.845162782309 0.000777124904873732 0 0
 775.095648843704 0.000193629997166254 0 0
 778.345150682669 0 0 0
 781.59365773898 0.00215953651069666 0 0
 784.841159452417 0.00221528965048357 0 0
 788.087645262756 0.000896980830947607 0 0
 791.333104609774 0.000836383752900746 0 0
 794.57752693325 0 0 0
 797.82090167296 0 0 0
 801.063218268682 0 0 0
 804.304466160194 0.000428210993134079 0 0
 807.544634787273 0 0 0
 810.783713589696 0.00293913246118414 0 0
 814.021692007242 0 0 0
 817.258559479686 0 0 0
 820.494305446808 0.000918908571819367 0 0
 823.728919348384 0 0 0
 826.962390624192 0.00437051394775565 0 0
 830.194708714009 0.00369773192992133 0 0
 833.425863057613 0.00306605763571688 0 0
 836.655843094781 0 0 0
 839.884638265291 0.00360014092171795 0 0
 843.11223800892 0 0 0
 846.338631765446 0.00109704655931253 0 0
 849.563808974646 0.00190989695205916 0 0
 852.787759076298 0.00261776304523676 0 0
 856.010471510179 0 0 0
 859.231935716066 0.00174781611478789 0 0
 862.452141133737 0.00184700425580495 0 0
 865.67107720297 0.000284943154805744 0 0
 868.888733363542 0.00248040552136729 0 0
 872.10509905523 0.00362546897218005 0 0
 875.320163717812 0.00544274045106304 0 0
 878.533916791066 0.000700133032464237 0 0
 881.746347714769 0 0 0
 884.957445928697 0.00140623881003969 0 0
 888.16720087263 0.00118200376805822 0 0
 891.375601986344 0.00456896475970033 0 0
 894.582638709617 0.00461314198508616 0 0
 897.788300482226 0.00684865753165477 0 0
 900.992576743948 0 0 0
 904.195456934562 0.00572826450787034 0 0
 907.396930493844 0.000563566081801094 0 0
 910.596986861573 0 0 0
 913.795615477525 0 0 0
 916.992805781479 0.00320900394671481 0 0
 920.18854721321 0 0 0
 923.382829212498 0.00282511211907708 0 0
 926.575641219119 0.0234525015871898 0 0
 929.766972672851 0.012176618143262 0 0
 932.956813013472 0.0260755480750667 0 0
 936.145151680759 0.033306552882847 0 0
 939.331978114489 0.0291613484580336 0 0
 942.517281754439 0.0355884455268811 0 0
 945.701052040388 0.0400697339527392 0 0
 948.883278412113 0.0115929181929154 0 0
 952.063950309391 0.0333374510644338 0 0
 955.243057172 +NAN 0 0
 958.420588439717 +NAN 0 0
 961.59653355232 +NAN 0 0
 964.770881949585 +NAN 0 0
 967.943623071292 +NAN 0 0
 971.114746357217 +NAN 0 0
 974.284241247136 +NAN 0 0
 977.45209718083 +NAN 0 0
 980.618303598073 +NAN 0 0
 983.782849938645 +NAN 0 0
 986.945725642322 +NAN 0 0
 990.106920148882 +NAN 0 0
 993.266422898102 +NAN 0 0
 996.42422332976 +NAN 0 0
 999.580310883634 +NAN 0 0
 1002.7346749995 +NAN 0 0
 1005.88730511714 +NAN 0 0
 1009.03819067632 +NAN 0 0
 1012.18732111683 +NAN 0 0
 1015.33468587844 +NAN 0 0
 1018.48027440094 +NAN 0 0
 1021.62407612409 +NAN 0 0
 1024.76608048767 +NAN 0 0
 1027.90627693147 +NAN 0 0
 1031.04465489526 +NAN 0 0
 1034.18120381881 +NAN 0 0
 1037.31591314191 +NAN 0 0
 1040.44877230434 +NAN 0 0
 1043.57977074586 +NAN 0 0
 1046.70889790626 +NAN 0 0
 1049.83614322531 +NAN 0 0
 1052.9614961428 +NAN 0 0
 1056.0849460985 +NAN 0 0
 1059.20648253218 +NAN 0 0
 1062.32609488363 +NAN 0 0
 1065.44377259262 +NAN 0 0
 1068.55950509894 +NAN 0 0
 1071.67328184234 +NAN 0 0
 1074.78509226263 +NAN 0 0
 1077.89492579956 +NAN 0 0
 1081.00277189293 +NAN 0 0
 1084.1086199825 +NAN 0 0
 1087.21245950806 +NAN 0 0
 1090.31427990938 +NAN 0 0
 1093.41407062623 +NAN 0 0
 1096.51182109841 +NAN 0 0
 1099.60752076568 +NAN 0 0
 1102.70115906782 +NAN 0 0
 1105.79272544461 +NAN 0 0
 1108.88220933583 +NAN 0 0
 1111.96960018125 +NAN 0 0
 1115.05488742065 +NAN 0 0
 1118.13806049382 +NAN 0 0
 1121.21910884052 +NAN 0 0
 1124.29802190053 +NAN 0 0
 1127.37478911364 +NAN 0 0
 1130.44939991961 +NAN 0 0
[END] of [DATA]
[END] of [Spectrum]

