[Spectrum]
Version            = 1
IDData             = 2CAE_2016-03-07_13-08-24_832_364
IDDevice           = SAM_8175
IDDataType         = SPECTRUM
IDDataTypeSub1     = CALIBRATED
IDDataTypeSub2     = 
IDDataTypeSub3     = 
DateTime           = 2016-03-07 13:08:24
PositionLatitude   = 0
PositionLongitude  = 0
Comment            = 
CommentSub1        = 
CommentSub2        = 
CommentSub3        = 
IDMethodType       = SAM Control
MethodName         = SAM_8175
Mission            = 
MissionSub         = 1
RecordType         = 0

[Attributes]
CalFactor = 1
IDBasisSpec = 
IDDataBack = 2004-03-29_14-59-06_000_254
IDDataCal = 2004-09-29_03-00-00
IntegrationTime = 128
P31 = -1
P31e = 0
PathLength = +INF
RAWDynamic = 65535
Temperature = +NAN
Unit1 = $01 $01 Wavelength nm
Unit2 = $03 $06 Intensity mW/(m^2 nm)
Unit3 = $f0 $06 Error mW/(m^2 nm)
Unit4 = $f1 $00 Status 
[END] of [Attributes]
[DATA]
 0 6 0 0
 305.14988776048 0 0 0
 308.45931630612 0 0 0
 311.76939137984 0 0 0
 315.080105545 0 0 0
 318.39145136496 0 0 0
 321.70342140308 0 0 0
 325.01600822272 27.3863159011524 0 0
 328.32920438724 32.8984267538698 0 0
 331.64300246 36.2525043921625 0 0
 334.95739500436 38.25287756967 0 0
 338.27237458368 40.6350495902012 0 0
 341.58793376132 42.5223394430823 0 0
 344.90406510064 44.4470577555845 0 0
 348.220761165 46.6181772516719 0 0
 351.53801451776 49.0237083700898 0 0
 354.85581772228 49.8949774505343 0 0
 358.17416334192 50.3062021496194 0 0
 361.49304394004 53.5512415854307 0 0
 364.81245208 59.3295935725166 0 0
 368.13238032516 62.949270563942 0 0
 371.45282123888 62.8881282969296 0 0
 374.77376738452 63.1527759456364 0 0
 378.09521132544 63.5288366403901 0 0
 381.417145625 61.1782369283628 0 0
 384.73956284656 59.7349761880004 0 0
 388.06245555348 62.2508122079327 0 0
 391.38581630912 64.5265345791682 0 0
 394.70963767684 68.4630012883718 0 0
 398.03391222 81.0321200279451 0 0
 401.35863250196 95.7196276271982 0 0
 404.68379108608 103.035167631378 0 0
 408.00938053572 105.858197812308 0 0
 411.33539341424 109.201789484735 0 0
 414.661822285 111.860064491279 0 0
 417.98865971136 112.505111336436 0 0
 421.31589825668 111.847136896765 0 0
 424.64353048432 109.47006196379 0 0
 427.97154895764 105.714109510566 0 0
 431.29994624 106.452892949198 0 0
 434.62871489476 112.159659366342 0 0
 437.95784748528 118.239757279537 0 0
 441.28733657492 123.596761021548 0 0
 444.61717472704 129.373112234497 0 0
 447.947354505 134.303284795758 0 0
 451.27786847216 137.574156537819 0 0
 454.60870919188 139.032696543077 0 0
 457.93986922752 139.973093618191 0 0
 461.27134114244 140.521478731808 0 0
 464.6031175 139.756914555055 0 0
 467.93519086356 138.474612439896 0 0
 471.26755379648 138.209458637106 0 0
 474.60019886212 138.697753227655 0 0
 477.93311862384 139.409144432484 0 0
 481.266305645 138.219262249193 0 0
 484.59975248896 135.147685812103 0 0
 487.93345171908 133.292292525445 0 0
 491.26739589872 134.284869456164 0 0
 494.60157759124 135.209644322923 0 0
 497.93598936 134.19939342687 0 0
 501.27062376836 132.700446071546 0 0
 504.60547337968 132.677822259757 0 0
 507.94053075732 133.160959607613 0 0
 511.27578846464 132.023419127663 0 0
 514.611239065 129.017128007497 0 0
 517.94687512176 127.244442567586 0 0
 521.28268919828 127.913155154877 0 0
 524.61867385792 129.202232605615 0 0
 527.95482166404 130.14412036658 0 0
 531.29112518 130.875722675059 0 0
 534.62757696916 130.898080914593 0 0
 537.96416959488 130.209019118118 0 0
 541.30089562052 129.497163179444 0 0
 544.63774760944 129.420613935294 0 0
 547.974718125 129.612040902126 0 0
 551.31179973056 129.404294019134 0 0
 554.64898498948 128.458957572202 0 0
 557.98626646512 127.022298168109 0 0
 561.32363672084 125.62247992244 0 0
 564.66108832 124.20127928474 0 0
 567.99861382596 122.645693206783 0 0
 571.33620580208 121.273651679576 0 0
 574.67385681172 120.607013874341 0 0
 578.01155941824 120.82876146531 0 0
 581.349306185 121.389225221976 0 0
 584.68708967536 120.513170618699 0 0
 588.02490245268 118.940380319513 0 0
 591.36273708032 117.851122514506 0 0
 594.70058612164 117.517012118396 0 0
 598.03844214 117.734105578144 0 0
 601.37629769876 118.191490014663 0 0
 604.71414536128 118.451318017551 0 0
 608.05197769092 118.217721661059 0 0
 611.38978725104 117.543755721583 0 0
 614.727566605 116.596211008985 0 0
 618.06530831616 115.824304914896 0 0
 621.40300494788 114.884498628287 0 0
 624.74064906352 113.182868867114 0 0
 628.07823322644 111.386044269625 0 0
 631.41575 110.819638746078 0 0
 634.75319194756 111.726397638501 0 0
 638.09055163248 112.71931719302 0 0
 641.42782161812 112.527566526825 0 0
 644.76499446784 110.933917686601 0 0
 648.102062745 109.108971862504 0 0
 651.43901901296 107.49905083022 0 0
 654.77585583508 106.744963501645 0 0
 658.11256577472 107.553021113714 0 0
 661.44914139524 109.244606988366 0 0
 664.78557526 110.183054198781 0 0
 668.12185993236 110.348607817405 0 0
 671.45798797568 110.004579816352 0 0
 674.79395195332 109.173713080938 0 0
 678.12974442864 107.506630983966 0 0
 681.465357965 103.781401460962 0 0
 684.80078512576 98.3495291788281 0 0
 688.13601847428 94.4395369896324 0 0
 691.47105057392 94.1145404607627 0 0
 694.80587398804 95.7954325228567 0 0
 698.14048128 97.4365700806425 0 0
 701.47486501316 98.7053535178032 0 0
 704.80901775088 99.5971798134706 0 0
 708.14293205652 99.4031758181561 0 0
 711.47660049344 96.5478074341004 0 0
 714.810015625 90.9440064659371 0 0
 718.14317001456 85.1509301240896 0 0
 721.47605622548 81.7029542709092 0 0
 724.80866682112 80.8338023026019 0 0
 728.14099436484 82.3890825704013 0 0
 731.47303142 85.951703226865 0 0
 734.80477054996 89.8768739190002 0 0
 738.13620431808 93.0142100477545 0 0
 741.46732528772 95.1623663594259 0 0
 744.79812602224 96.2256420564756 0 0
 748.128599085 95.7978037644203 0 0
 751.45873703936 92.61265298338 0 0
 754.78853244868 83.5338949670913 0 0
 758.11797787632 69.458912747746 0 0
 761.44706588564 60.0229544108418 0 0
 764.77578904 62.7454995273261 0 0
 768.10413990276 72.946588066563 0 0
 771.43211103728 82.0030442291658 0 0
 774.75969500692 87.0534443848423 0 0
 778.08688437504 89.2628727880772 0 0
 781.413671705 89.5363089160745 0 0
 784.74004956016 88.7331749509774 0 0
 788.06601050388 87.1598319124614 0 0
 791.39154709952 85.6633696084826 0 0
 794.71665191044 84.4873070851343 0 0
 798.0413175 83.4316810980978 0 0
 801.36553643156 82.444139816875 0 0
 804.68930126848 80.9234830730754 0 0
 808.01260457412 77.9798337848144 0 0
 811.33543891184 73.0187879118307 0 0
 814.657796845 67.8833886284345 0 0
 817.97967093696 64.8245115387191 0 0
 821.30105375108 64.2080737373812 0 0
 824.62193785072 64.9989401484492 0 0
 827.94231579924 66.4693167684764 0 0
 831.26218016 68.6444549204651 0 0
 834.58152349636 71.1586854335284 0 0
 837.90033837168 73.5570349026759 0 0
 841.21861734932 75.0229182576015 0 0
 844.53635299264 75.4400979628259 0 0
 847.853537865 74.9235979563492 0 0
 851.17016452976 73.7651085325736 0 0
 854.48622555028 73.2130208729013 0 0
 857.80171348992 73.2879208373914 0 0
 861.11662091204 72.7548629686439 0 0
 864.43094038 71.9383168200141 0 0
 867.74466445716 71.048228045098 0 0
 871.05778570688 70.5627928306693 0 0
 874.37029669252 70.1116226798621 0 0
 877.68218997744 69.4014449222529 0 0
 880.993458125 68.7180164368955 0 0
 884.30409369856 67.6843489847594 0 0
 887.61408926148 65.9716832331736 0 0
 890.92343737712 62.4953674022363 0 0
 894.23213060884 57.2622383265135 0 0
 897.54016152 52.2420639547341 0 0
 900.84752267396 49.3410216590983 0 0
 904.15420663408 47.8377317487109 0 0
 907.46020596372 46.2986357511971 0 0
 910.76551322624 44.533303277749 0 0
 914.070120985 44.0841999741325 0 0
 917.37402180336 44.8861257220758 0 0
 920.67720824468 45.3908505706288 0 0
 923.97967287232 43.4755906262025 0 0
 927.28140824964 37.4085626818669 0 0
 930.58240694 29.0512875428733 0 0
 933.88266150676 22.1353362879807 0 0
 937.18216451328 19.1089599817592 0 0
 940.48090852292 18.8145210666265 0 0
 943.77888609904 18.633339627175 0 0
 947.076089805 19.1110329286739 0 0
 950.37251220416 19.9741251341556 0 0
 953.66814585988 21.402624350182 0 0
 956.96298333552 0 0 0
 960.25701719444 0 0 0
 963.55024 0 0 0
 966.84264431556 0 0 0
 970.13422270448 0 0 0
 973.42496773012 0 0 0
 976.71487195584 0 0 0
 980.003927945 0 0 0
 983.29212826096 0 0 0
 986.57946546708 0 0 0
 989.86593212672 0 0 0
 993.15152080324 0 0 0
 996.43622406 0 0 0
 999.72003446036 0 0 0
 1003.00294456768 0 0 0
 1006.28494694532 0 0 0
 1009.56603415664 0 0 0
 1012.846198765 0 0 0
 1016.12543333376 0 0 0
 1019.40373042628 0 0 0
 1022.68108260592 0 0 0
 1025.95748243604 0 0 0
 1029.23292248 0 0 0
 1032.50739530116 0 0 0
 1035.78089346288 0 0 0
 1039.05340952852 0 0 0
 1042.32493606144 0 0 0
 1045.595465625 0 0 0
 1048.86499078256 0 0 0
 1052.13350409748 0 0 0
 1055.40099813312 0 0 0
 1058.66746545284 0 0 0
 1061.93289862 0 0 0
 1065.19729019796 0 0 0
 1068.46063275008 0 0 0
 1071.72291883972 0 0 0
 1074.98414103024 0 0 0
 1078.244291885 0 0 0
 1081.50336396736 0 0 0
 1084.76134984068 0 0 0
 1088.01824206832 0 0 0
 1091.27403321364 0 0 0
 1094.52871584 0 0 0
 1097.78228251076 0 0 0
 1101.03472578928 0 0 0
 1104.28603823892 0 0 0
 1107.53621242304 0 0 0
 1110.785240905 0 0 0
 1114.03311624816 0 0 0
 1117.27983101588 0 0 0
 1120.52537777152 0 0 0
 1123.76974907844 0 0 0
 1127.0129375 0 0 0
 1130.25493559956 0 0 0
 1133.49573594048 0 0 0
 1136.73533108612 0 0 0
 1139.97371359984 0 0 0
 1143.210876045 0 0 0
 1146.44681098496 0 0 0
[END] of [DATA]
[END] of [Spectrum]

