[Spectrum]
Version            = 1
IDData             = 2CAE_2016-03-07_13-06-43_355_324
IDDevice           = SAM_817c
IDDataType         = SPECTRUM
IDDataTypeSub1     = CALIBRATED
IDDataTypeSub2     = 
IDDataTypeSub3     = 
DateTime           = 2016-03-07 13:06:43
PositionLatitude   = 0
PositionLongitude  = 0
Comment            = 
CommentSub1        = 
CommentSub2        = 
CommentSub3        = 
IDMethodType       = SAMIP Control
MethodName         = SAMIP_501A
Mission            = 
MissionSub         = 1
RecordType         = 0

[Attributes]
CalFactor = 1
IDBasisSpec = 
IDDataBack = 2004-03-29_16-38-33_176_143
IDDataCal = 2004-03-31_10-23-24_149_320
InclV = 3.02712151407011
InclValid = 1
InclX = -20.7
InclY = -2.14
IntegrationTime = 1024
P31 = -1
P31e = 0
PathLength = +INF
PressValid = 1
Pressure = 0.558592149826495
RAWDynamic = 65535
Temperature = +NAN
Unit1 = $01 $01 Wavelength nm
Unit2 = $03 $06 Intensity mW/(m^2 nm)
Unit3 = $f0 $06 Error mW/(m^2 nm)
Unit4 = $f1 $00 Status 
[END] of [Attributes]
[DATA]
 0 9 0 0
 305.0974558736 0.165112190007558 0 0
 308.3963534189 0.151906243285413 0 0
 311.6960197728 0.114582273875388 0 0
 314.9964467375 0.115176459246129 0 0
 318.2976261152 0.106584484711067 0 0
 321.5995497081 0.0879336435929642 0 0
 324.9022093184 0.0882907098604772 0 0
 328.2055967483 0.0674984313801507 0 0
 331.5097038 0.0678588506400893 0 0
 334.8145222757 0.0770724272878514 0 0
 338.1200439776 0.0732552658385363 0 0
 341.4262607079 0.085545348384077 0 0
 344.7331642688 0.0781850601923473 0 0
 348.0407464625 0.0703946398406918 0 0
 351.3489990912 0.066148245224498 0 0
 354.6579139571 0.0641154015137189 0 0
 357.9674828624 0.0673065471759741 0 0
 361.2776976093 0.0705669252075548 0 0
 364.58855 0.0733116112461322 0 0
 367.9000318367 0.083152356653257 0 0
 371.2121349216 0.0848816277881393 0 0
 374.5248510569 0.0969498062311793 0 0
 377.8381720448 0.117490815884571 0 0
 381.1520896875 0.13195558281656 0 0
 384.4665957872 0.164691126970784 0 0
 387.7816821461 0.194345810538127 0 0
 391.0973405664 0.229994448509463 0 0
 394.4135628503 0.284215050755096 0 0
 397.7303408 0.376217917582094 0 0
 401.0476662177 0.503264897572182 0 0
 404.3655309056 0.631294860352684 0 0
 407.6839266659 0.769844377518941 0 0
 411.0028453008 0.930467960879742 0 0
 414.3222786125 1.1148227798819 0 0
 417.6422184032 1.30845863693808 0 0
 420.9626564751 1.52032086644948 0 0
 424.2835846304 1.72638051529264 0 0
 427.6049946713 1.91712710016069 0 0
 430.9268784 2.21276049305925 0 0
 434.2492276187 2.63739241103098 0 0
 437.5720341296 3.13820513285846 0 0
 440.8952897349 3.6883368675341 0 0
 444.2189862368 4.31410803928567 0 0
 447.5431154375 4.9890454874259 0 0
 450.8676691392 5.64174489632892 0 0
 454.1926391441 6.25541806645167 0 0
 457.5180172544 6.86299871517704 0 0
 460.8437952723 7.46586034284665 0 0
 464.169965 8.00946201599901 0 0
 467.4965182397 8.52770643786591 0 0
 470.8234467936 9.10223151090037 0 0
 474.1507424639 9.76005678262148 0 0
 477.4783970528 10.4370672885531 0 0
 480.8064023625 10.9764754791064 0 0
 484.1347501952 11.2951063131567 0 0
 487.4634323531 11.6361322982486 0 0
 490.7924406384 12.2378055606473 0 0
 494.1217668533 12.8298623036552 0 0
 497.4514028 13.1750074596222 0 0
 500.7813402807 13.3945441643558 0 0
 504.1115710976 13.6995318708407 0 0
 507.4420870529 14.0284023269898 0 0
 510.7728799488 14.1352199197066 0 0
 514.1039415875 13.9908083844041 0 0
 517.4352637712 14.0157047900127 0 0
 520.7668383021 14.3764911894677 0 0
 524.0986569824 14.8565959070071 0 0
 527.4307116143 15.27364658628 0 0
 530.762994 15.6450339879538 0 0
 534.0954959417 15.8992876084934 0 0
 537.4282092416 16.0110404687732 0 0
 540.7611257019 16.0966815770898 0 0
 544.0942371248 16.2052135413587 0 0
 547.4275353125 16.3243783926367 0 0
 550.7610120672 16.3918840654868 0 0
 554.0946591911 16.3834448648723 0 0
 557.4284684864 16.3119792364906 0 0
 560.7624317553 16.2283891893213 0 0
 564.0965408 16.1001929474389 0 0
 567.4307874227 15.8776306436417 0 0
 570.7651634256 15.5833659001414 0 0
 574.0996606109 15.2347708438305 0 0
 577.4342707808 14.8516672019166 0 0
 580.7689857375 14.3693285047066 0 0
 584.1037972832 13.5723630341238 0 0
 587.4386972201 12.4621822780089 0 0
 590.7736773504 11.2772051923381 0 0
 594.1087294763 10.1414550308839 0 0
 597.4438454 9.00427831192557 0 0
 600.7790169237 7.9609347861511 0 0
 604.1142358496 7.10276510152025 0 0
 607.4494939799 6.48161512203896 0 0
 610.7847831168 6.06688919955472 0 0
 614.1200950625 5.77491974167393 0 0
 617.4554216192 5.54439805833608 0 0
 620.7907545891 5.33186348223513 0 0
 624.1260857744 5.08556613953118 0 0
 627.4614069773 4.82594561892063 0 0
 630.79671 4.61468665486235 0 0
 634.1319866447 4.47132051790113 0 0
 637.4672287136 4.36468002379399 0 0
 640.8024280089 4.23216966476379 0 0
 644.1375763328 4.03843265153855 0 0
 647.4726654875 3.80123438219563 0 0
 650.8076872752 3.51803693643367 0 0
 654.1426334981 3.19987201507442 0 0
 657.4774959584 2.902635294363 0 0
 660.8122664583 2.69700966116262 0 0
 664.1469368 2.53776320344768 0 0
 667.4814987857 2.40481382943324 0 0
 670.8159442176 2.28147272272279 0 0
 674.1502648979 2.16629845708041 0 0
 677.4844526288 2.04826884324101 0 0
 680.8184992125 1.90082195276231 0 0
 684.1523964512 1.70033889441727 0 0
 687.4861361471 1.4942299903148 0 0
 690.8197101024 1.32021739669281 0 0
 694.1531101193 1.15881764874477 0 0
 697.486328 0.9924181781431 0 0
 700.8193555467 0.80737864416374 0 0
 704.1521845616 0.626102512153005 0 0
 707.4848068469 0.468534665382996 0 0
 710.8172142048 0.323355415221405 0 0
 714.1493984375 0.208301127407319 0 0
 717.4813513472 0.121745338491349 0 0
 720.8130647361 0.0685274679299622 0 0
 724.1445304064 0.0454412752571919 0 0
 727.4757401603 0.0350212806502236 0 0
 730.8066858 0.0213186126850174 0 0
 734.1373591277 0.0152120305765052 0 0
 737.4677519456 0.0148161494638066 0 0
 740.7978560559 0.0129224848091027 0 0
 744.1276632608 0.0155234840289895 0 0
 747.4571653625 0.011309192838378 0 0
 750.7863541632 0.0153043259397182 0 0
 754.1152214651 0.0116476696271528 0 0
 757.4437590704 0.00511000199478903 0 0
 760.7719587813 0.00856519526013261 0 0
 764.0998124 0.0106055700149011 0 0
 767.4273117287 0.0133478631094133 0 0
 770.7544485696 0.0131239523946007 0 0
 774.0812147249 0.0138966602589775 0 0
 777.4076019968 0.0106369165403139 0 0
 780.7336021875 0.0128131539585709 0 0
 784.0592070992 0.0148806289132268 0 0
 787.3844085341 0.0087852481917662 0 0
 790.7091982944 0.0195033884956922 0 0
 794.0335681823 0.0247606511117967 0 0
 797.35751 0.0163469647074824 0 0
 800.6810155497 0.0155772995942417 0 0
 804.0040766336 0.0190703683302323 0 0
 807.3266850539 0.00375805832213589 0 0
 810.6488326128 0.0255713699297593 0 0
 813.9705111125 0.018287566813864 0 0
 817.2917123552 0.0204367502271508 0 0
 820.6124281431 0.0275387831574931 0 0
 823.9326502784 0.000622962800294217 0 0
 827.2523705633 0.0101732019982928 0 0
 830.5715808 0.00641467344057463 0 0
 833.8902727907 0.0209113085580873 0 0
 837.2084383376 0.0274813560261896 0 0
 840.5260692429 0.0196911053585908 0 0
 843.8431573088 0.0121505947441202 0 0
 847.1596943375 0.0164153114759639 0 0
 850.4756721312 0.0179730487880402 0 0
 853.7910824921 0.00717231587219101 0 0
 857.1059172224 0.0038350960979288 0 0
 860.4201681243 0.0253689545819236 0 0
 863.733827 0.00672359634229876 0 0
 867.0468856517 0 0 0
 870.3593358816 0.0115771077073621 0 0
 873.6711694919 0.0124640968321612 0 0
 876.9823782848 0.0161994366748197 0 0
 880.2929540625 0.0261624793844185 0 0
 883.6028886272 0.00553446946716854 0 0
 886.9121737811 0 0 0
 890.2208013264 0 0 0
 893.5287630653 0 0 0
 896.8360508 0.00933007239297728 0 0
 900.1426563327 0.0166199600751031 0 0
 903.4485714656 0.0196807742354102 0 0
 906.7537880009 0.00983724349721713 0 0
 910.0582977408 0 0 0
 913.3620924875 0 0 0
 916.6651640432 0.0435107799409978 0 0
 919.9675042101 0.0139911730001393 0 0
 923.2691047904 0.00313261691465397 0 0
 926.5699575863 0 0 0
 929.8700544 0 0 0
 933.1693870337 0.0200373170099574 0 0
 936.4679472896 0 0 0
 939.7657269699 0.00957564965650178 0 0
 943.0627178768 0.0448584128300102 0 0
 946.3589118125 0.0383966143936631 0 0
 949.6543005792 0 0 0
 952.9488759791 0.00129886745147587 0 0
 956.2426298144 0.00401595122444343 0 0
 959.5355538873 0 0 0
 962.82764 0 0 0
 966.1188799547 0.0631980766600472 0 0
 969.4092655536 0 0 0
 972.6987885989 0 0 0
 975.9874408928 0 0 0
 979.2752142375 0 0 0
 982.5621004352 0.0465544442208413 0 0
 985.8480912881 0.0648144836706735 0 0
 989.1331785984 0.0426185951095745 0 0
 992.4173541683 0.0125763886051966 0 0
 995.7006098 0.0428543525439225 0 0
 998.9829372957 0.00214408365124049 0 0
 1002.2643284576 0.0232018467477067 0 0
 1005.5447750879 0.14871068071029 0 0
 1008.8242689888 0.200013479408323 0 0
 1012.1028019625 0 0 0
 1015.3803658112 0 0 0
 1018.6569523371 0 0 0
 1021.9325533424 0 0 0
 1025.2071606293 0.221686357272217 0 0
 1028.480766 0 0 0
 1031.7533612567 0.402582606996621 0 0
 1035.0249382016 0 0 0
 1038.2954886369 0 0 0
 1041.5650043648 0 0 0
 1044.8334771875 0 0 0
 1048.1008989072 0 0 0
 1051.3672613261 0 0 0
 1054.6325562464 0 0 0
 1057.8967754703 0 0 0
 1061.1599108 0 0 0
 1064.4219540377 0 0 0
 1067.6828969856 0 0 0
 1070.9427314459 0 0 0
 1074.2014492208 0 0 0
 1077.4590421125 0 0 0
 1080.7155019232 0 0 0
 1083.9708204551 0 0 0
 1087.2249895104 0 0 0
 1090.4780008913 0 0 0
 1093.7298464 0 0 0
 1096.9805178387 0 0 0
 1100.2300070096 0 0 0
 1103.4783057149 0 0 0
 1106.7254057568 0 0 0
 1109.9712989375 0 0 0
 1113.2159770592 0 0 0
 1116.4594319241 0 0 0
 1119.7016553344 0 0 0
 1122.9426390923 0 0 0
 1126.182375 0 0 0
 1129.4208548597 0 0 0
 1132.6580704736 0 0 0
 1135.8940136439 0 0 0
 1139.1286761728 0 0 0
 1142.3620498625 0 0 0
 1145.5941265152 0 0 0
[END] of [DATA]
[END] of [Spectrum]

