[Spectrum]
Version            = 1
IDData             = 2CAE_2016-03-07_13-02-39_884_261
IDDevice           = SAM_817c
IDDataType         = SPECTRUM
IDDataTypeSub1     = CALIBRATED
IDDataTypeSub2     = 
IDDataTypeSub3     = 
DateTime           = 2016-03-07 13:02:39
PositionLatitude   = 0
PositionLongitude  = 0
Comment            = 
CommentSub1        = 
CommentSub2        = 
CommentSub3        = 
IDMethodType       = SAMIP Control
MethodName         = SAMIP_501A
Mission            = 
MissionSub         = 1
RecordType         = 0

[Attributes]
CalFactor = 1
IDBasisSpec = 
IDDataBack = 2004-03-29_16-38-33_176_143
IDDataCal = 2004-03-31_10-23-24_149_320
InclV = 6.05849013865906
InclValid = 1
InclX = -19.55
InclY = -4.28
IntegrationTime = 256
P31 = -1
P31e = 0
PathLength = +INF
PressValid = 1
Pressure = 0.0268308173415324
RAWDynamic = 65535
Temperature = +NAN
Unit1 = $01 $01 Wavelength nm
Unit2 = $03 $06 Intensity mW/(m^2 nm)
Unit3 = $f0 $06 Error mW/(m^2 nm)
Unit4 = $f1 $00 Status 
[END] of [Attributes]
[DATA]
 0 7 0 0
 305.0974558736 2.44295408759329 0 0
 308.3963534189 2.57393611610483 0 0
 311.6960197728 2.71457269803524 0 0
 314.9964467375 3.51622631181591 0 0
 318.2976261152 4.13669513559809 0 0
 321.5995497081 5.49522207941143 0 0
 324.9022093184 6.90935727960788 0 0
 328.2055967483 8.17794699498671 0 0
 331.5097038 9.22883687338996 0 0
 334.8145222757 9.96171232548791 0 0
 338.1200439776 10.616568319432 0 0
 341.4262607079 11.3443803305525 0 0
 344.7331642688 11.9040007408655 0 0
 348.0407464625 12.6128372081574 0 0
 351.3489990912 13.4035884430384 0 0
 354.6579139571 13.9468227105136 0 0
 357.9674828624 14.301183611943 0 0
 361.2776976093 15.4783186844776 0 0
 364.58855 17.2770323280965 0 0
 367.9000318367 18.5378838629752 0 0
 371.2121349216 18.9159248529707 0 0
 374.5248510569 19.2780470623148 0 0
 377.8381720448 19.6238122890566 0 0
 381.1520896875 19.2731369414532 0 0
 384.4665957872 18.9695669884428 0 0
 387.7816821461 19.8513072654873 0 0
 391.0973405664 20.7873940887573 0 0
 394.4135628503 22.2002358414471 0 0
 397.7303408 26.2766580424285 0 0
 401.0476662177 31.2832412335249 0 0
 404.3655309056 34.2715432798459 0 0
 407.6839266659 35.4551513282216 0 0
 411.0028453008 36.7055098060391 0 0
 414.3222786125 37.8238593109535 0 0
 417.6422184032 38.3585628565707 0 0
 420.9626564751 38.4146737156741 0 0
 424.2835846304 37.8741543611133 0 0
 427.6049946713 36.7181044488797 0 0
 430.9268784 37.0377188254466 0 0
 434.2492276187 39.0974894088973 0 0
 437.5720341296 41.5341073499279 0 0
 440.8952897349 43.6047065410548 0 0
 444.2189862368 45.8698012822761 0 0
 447.5431154375 47.9664399723916 0 0
 450.8676691392 49.4010379011875 0 0
 454.1926391441 50.1678776248675 0 0
 457.5180172544 50.6965875589523 0 0
 460.8437952723 51.1151455525889 0 0
 464.169965 51.0174661052922 0 0
 467.4965182397 50.686117826739 0 0
 470.8234467936 50.6281333778968 0 0
 474.1507424639 50.9780210440427 0 0
 477.4783970528 51.4048588440124 0 0
 480.8064023625 51.2586974731334 0 0
 484.1347501952 50.2491873808737 0 0
 487.4634323531 49.4764691361559 0 0
 490.7924406384 49.866304172521 0 0
 494.1217668533 50.4301310896838 0 0
 497.4514028 50.1549131784389 0 0
 500.7813402807 49.5813721992087 0 0
 504.1115710976 49.507873419324 0 0
 507.4420870529 49.8081263524992 0 0
 510.7728799488 49.559326041759 0 0
 514.1039415875 48.3912019502948 0 0
 517.4352637712 47.5644961244531 0 0
 520.7668383021 47.7658132369985 0 0
 524.0986569824 48.3424091291594 0 0
 527.4307116143 48.7664849097021 0 0
 530.762994 49.0949771583234 0 0
 534.0954959417 49.2007697444811 0 0
 537.4282092416 48.9888762373309 0 0
 540.7611257019 48.7826003177039 0 0
 544.0942371248 48.7585852974369 0 0
 547.4275353125 48.8559235716003 0 0
 550.7610120672 48.7646891336927 0 0
 554.0946591911 48.4232257454762 0 0
 557.4284684864 47.8994570002036 0 0
 560.7624317553 47.3589318722209 0 0
 564.0965408 46.8492584061211 0 0
 567.4307874227 46.254988385109 0 0
 570.7651634256 45.7004450350417 0 0
 574.0996606109 45.3914980389346 0 0
 577.4342707808 45.4663374670147 0 0
 580.7689857375 45.7566236463181 0 0
 584.1037972832 45.4854530673383 0 0
 587.4386972201 44.4831100947435 0 0
 590.7736773504 43.5564031473863 0 0
 594.1087294763 43.2410557904444 0 0
 597.4438454 43.2204721565458 0 0
 600.7790169237 43.3561974095959 0 0
 604.1142358496 43.404188149381 0 0
 607.4494939799 43.2942880433684 0 0
 610.7847831168 43.0496229845153 0 0
 614.1200950625 42.7173344306454 0 0
 617.4554216192 42.3354804969511 0 0
 620.7907545891 41.9536356992553 0 0
 624.1260857744 41.3277193106534 0 0
 627.4614069773 40.5249968143484 0 0
 630.79671 40.0731467095873 0 0
 634.1319866447 40.2405972052658 0 0
 637.4672287136 40.6527802431397 0 0
 640.8024280089 40.7875139205066 0 0
 644.1375763328 40.3513124992534 0 0
 647.4726654875 39.6254282217776 0 0
 650.8076872752 38.7658026104049 0 0
 654.1426334981 38.0484959247593 0 0
 657.4774959584 38.0207547697941 0 0
 660.8122664583 38.5968706123277 0 0
 664.1469368 38.9889699088965 0 0
 667.4814987857 38.9883934860181 0 0
 670.8159442176 38.7766269097737 0 0
 674.1502648979 38.453767893675 0 0
 677.4844526288 37.9607598644277 0 0
 680.8184992125 36.8314750595327 0 0
 684.1523964512 34.7774870746105 0 0
 687.4861361471 32.91356244964 0 0
 690.8197101024 32.379671683581 0 0
 694.1531101193 32.8127060722753 0 0
 697.486328 33.2592074372605 0 0
 700.8193555467 33.4664142762686 0 0
 704.1521845616 33.4835863319695 0 0
 707.4848068469 33.1940666198184 0 0
 710.8172142048 31.9771560333986 0 0
 714.1493984375 29.5848564309043 0 0
 717.4813513472 26.8384374002137 0 0
 720.8130647361 24.6854872703959 0 0
 724.1445304064 23.3673334208437 0 0
 727.4757401603 22.6274144274677 0 0
 730.8066858 22.4114440714695 0 0
 734.1373591277 22.4214892549858 0 0
 737.4677519456 22.3937468273541 0 0
 740.7978560559 22.3247308750165 0 0
 744.1276632608 22.2619711549559 0 0
 747.4571653625 22.0144723643248 0 0
 750.7863541632 21.3870136958785 0 0
 754.1152214651 19.5307054760807 0 0
 757.4437590704 16.197901354017 0 0
 760.7719587813 13.2168307430113 0 0
 764.0998124 13.0310900028717 0 0
 767.4273117287 15.3128301916376 0 0
 770.7544485696 17.7322828371726 0 0
 774.0812147249 19.2354106163134 0 0
 777.4076019968 19.8731884302163 0 0
 780.7336021875 20.0825621872213 0 0
 784.0592070992 20.0952588517925 0 0
 787.3844085341 20.0160902869119 0 0
 790.7091982944 19.8954094436659 0 0
 794.0335681823 19.8455083072016 0 0
 797.35751 19.8247245437192 0 0
 800.6810155497 19.8504207364429 0 0
 804.0040766336 19.7020911111716 0 0
 807.3266850539 19.2464115961839 0 0
 810.6488326128 18.183724201033 0 0
 813.9705111125 16.7961151452066 0 0
 817.2917123552 15.6824324055248 0 0
 820.6124281431 15.034221323916 0 0
 823.9326502784 14.8068156102267 0 0
 827.2523705633 14.5141629242853 0 0
 830.5715808 14.3072726372143 0 0
 833.8902727907 14.1569354942864 0 0
 837.2084383376 14.0205394809456 0 0
 840.5260692429 13.8795822950152 0 0
 843.8431573088 13.6205503200723 0 0
 847.1596943375 13.2236606935922 0 0
 850.4756721312 12.6530019283503 0 0
 853.7910824921 12.2339641811599 0 0
 857.1059172224 11.8741234447167 0 0
 860.4201681243 11.566192954566 0 0
 863.733827 11.027168803581 0 0
 867.0468856517 10.5975168260811 0 0
 870.3593358816 10.2409415293017 0 0
 873.6711694919 9.90228133951736 0 0
 876.9823782848 9.56113647606293 0 0
 880.2929540625 9.02256215545794 0 0
 883.6028886272 8.56960119120017 0 0
 886.9121737811 8.08732949965565 0 0
 890.2208013264 7.52103932971016 0 0
 893.5287630653 6.86641101860471 0 0
 896.8360508 6.00440645609924 0 0
 900.1426563327 5.41310777553759 0 0
 903.4485714656 4.94406838452214 0 0
 906.7537880009 4.60611510461325 0 0
 910.0582977408 4.37534142573447 0 0
 913.3620924875 4.13851498723433 0 0
 916.6651640432 3.96090797781261 0 0
 919.9675042101 3.67680860311309 0 0
 923.2691047904 3.14146512414846 0 0
 926.5699575863 2.54241775833691 0 0
 929.8700544 1.95881865043217 0 0
 933.1693870337 1.34569365202927 0 0
 936.4679472896 1.24218986876541 0 0
 939.7657269699 0.857549967255838 0 0
 943.0627178768 0.575814734975204 0 0
 946.3589118125 0.485302289052404 0 0
 949.6543005792 0.432225423029229 0 0
 952.9488759791 0.904968676417391 0 0
 956.2426298144 0.703515094113825 0 0
 959.5355538873 0.805757866630369 0 0
 962.82764 0.626970553862869 0 0
 966.1188799547 0.475996840351367 0 0
 969.4092655536 0.564348946896131 0 0
 972.6987885989 0.677350374099295 0 0
 975.9874408928 0.632723217657377 0 0
 979.2752142375 0.676740271312841 0 0
 982.5621004352 0.535197357505106 0 0
 985.8480912881 0.49943414559087 0 0
 989.1331785984 0.705863582052275 0 0
 992.4173541683 1.19151901240196 0 0
 995.7006098 1.3638684146852 0 0
 998.9829372957 1.44639681816847 0 0
 1002.2643284576 0.978917412401764 0 0
 1005.5447750879 1.49991379092689 0 0
 1008.8242689888 0.825547158814561 0 0
 1012.1028019625 1.74497869787521 0 0
 1015.3803658112 4.10504936806967 0 0
 1018.6569523371 1.81983098314978 0 0
 1021.9325533424 0 0 0
 1025.2071606293 0 0 0
 1028.480766 1.62128712644246 0 0
 1031.7533612567 4.43675447373924 0 0
 1035.0249382016 9.50718605038059 0 0
 1038.2954886369 0 0 0
 1041.5650043648 0 0 0
 1044.8334771875 0 0 0
 1048.1008989072 0 0 0
 1051.3672613261 0 0 0
 1054.6325562464 0 0 0
 1057.8967754703 0 0 0
 1061.1599108 0 0 0
 1064.4219540377 0 0 0
 1067.6828969856 0 0 0
 1070.9427314459 0 0 0
 1074.2014492208 0 0 0
 1077.4590421125 0 0 0
 1080.7155019232 0 0 0
 1083.9708204551 0 0 0
 1087.2249895104 0 0 0
 1090.4780008913 0 0 0
 1093.7298464 0 0 0
 1096.9805178387 0 0 0
 1100.2300070096 0 0 0
 1103.4783057149 0 0 0
 1106.7254057568 0 0 0
 1109.9712989375 0 0 0
 1113.2159770592 0 0 0
 1116.4594319241 0 0 0
 1119.7016553344 0 0 0
 1122.9426390923 0 0 0
 1126.182375 0 0 0
 1129.4208548597 0 0 0
 1132.6580704736 0 0 0
 1135.8940136439 0 0 0
 1139.1286761728 0 0 0
 1142.3620498625 0 0 0
 1145.5941265152 0 0 0
[END] of [DATA]
[END] of [Spectrum]

